991.0 58.0 9.0 40.0 92.0 0.0 7.0 104.0 71.0 3.0 2.0 0.0 6.0 208.0 4.0 0.0 70.0 0.0 0.0 41.0 11.0 41.0 0.0 0.0 4.0 15.0 25.0 0.0 4.0 45.0 20.0 17.0 25.0 32.0 5.0 8.0 0.0 3.0 0.0 27.0 17.0 0.0 0.0 71.0 31.0 0.0 0.0 0.0 
258.0 7.0 8.0 0.0 28.0 0.0 4.0 32.0 17.0 0.0 1.0 0.0 3.0 72.0 1.0 0.0 5.0 0.0 0.0 7.0 5.0 11.0 1.0 0.0 1.0 1.0 6.0 0.0 1.0 4.0 4.0 13.0 6.0 7.0 0.0 0.0 0.0 1.0 0.0 5.0 2.0 0.0 0.0 13.0 7.0 0.0 1.0 0.0 
615.0 31.0 14.0 59.0 49.0 0.0 18.0 71.0 42.0 1.0 4.0 0.0 1.0 126.0 1.0 0.0 53.0 0.0 0.0 10.0 7.0 22.0 0.0 0.0 1.0 7.0 5.0 0.0 5.0 44.0 6.0 4.0 7.0 6.0 1.0 1.0 0.0 0.0 0.0 20.0 9.0 1.0 0.0 34.0 28.0 0.0 2.0 0.0 
497.0 29.0 5.0 15.0 38.0 1.0 31.0 54.0 51.0 0.0 0.0 0.0 10.0 134.0 4.0 0.0 32.0 0.0 0.0 10.0 4.0 7.0 0.0 1.0 2.0 2.0 6.0 0.0 1.0 27.0 4.0 7.0 5.0 1.0 1.0 2.0 0.0 2.0 0.0 4.0 10.0 0.0 0.0 24.0 18.0 0.0 6.0 0.0 
136.0 18.0 1.0 10.0 7.0 0.0 2.0 12.0 21.0 0.0 0.0 0.0 0.0 47.0 1.0 0.0 7.0 0.0 0.0 0.0 1.0 1.0 0.0 0.0 0.0 0.0 0.0 0.0 0.0 1.0 0.0 0.0 0.0 2.0 0.0 0.0 0.0 0.0 0.0 2.0 1.0 0.0 0.0 11.0 7.0 0.0 13.0 0.0 
223.0 11.0 4.0 5.0 22.0 0.0 5.0 24.0 11.0 0.0 0.0 0.0 1.0 56.0 1.0 0.0 16.0 0.0 0.0 2.0 1.0 6.0 0.0 0.0 2.0 0.0 5.0 0.0 1.0 19.0 9.0 4.0 3.0 0.0 0.0 2.0 0.0 1.0 0.0 6.0 1.0 0.0 0.0 11.0 14.0 0.0 0.0 0.0 
154.0 7.0 0.0 1.0 16.0 0.0 0.0 18.0 5.0 0.0 1.0 0.0 2.0 56.0 1.0 0.0 9.0 0.0 0.0 2.0 1.0 4.0 0.0 0.0 1.0 0.0 4.0 0.0 0.0 7.0 1.0 5.0 4.0 0.0 1.0 0.0 0.0 0.0 0.0 5.0 2.0 0.0 0.0 8.0 4.0 0.0 1.0 0.0 
985.0 62.0 17.0 57.0 110.0 1.0 1.0 116.0 46.0 6.0 3.0 0.0 5.0 229.0 2.0 0.0 53.0 0.0 0.0 33.0 14.0 37.0 0.0 0.0 4.0 9.0 20.0 0.0 2.0 68.0 19.0 16.0 14.0 4.0 8.0 4.0 0.0 6.0 0.0 23.0 13.0 0.0 0.0 49.0 35.0 0.0 3.0 0.0 
225.0 9.0 3.0 6.0 20.0 0.0 0.0 23.0 16.0 1.0 0.0 0.0 1.0 74.0 1.0 0.0 15.0 0.0 0.0 2.0 2.0 4.0 0.0 0.0 5.0 1.0 2.0 0.0 0.0 11.0 9.0 4.0 2.0 2.0 0.0 3.0 0.0 1.0 0.0 7.0 6.0 0.0 0.0 14.0 6.0 0.0 4.0 0.0 
429.0 17.0 8.0 5.0 44.0 0.0 2.0 41.0 20.0 1.0 3.0 0.0 2.0 87.0 2.0 0.0 20.0 2.0 3.0 26.0 6.0 19.0 0.0 1.0 8.0 1.0 11.0 0.0 1.0 16.0 12.0 11.0 11.0 16.0 2.0 3.0 0.0 1.0 0.0 10.0 5.0 0.0 0.0 23.0 13.0 0.0 5.0 0.0 
223.0 13.0 4.0 6.0 21.0 0.0 5.0 24.0 18.0 0.0 1.0 0.0 2.0 74.0 1.0 0.0 14.0 0.0 5.0 4.0 3.0 2.0 0.0 0.0 0.0 0.0 2.0 0.0 0.0 7.0 4.0 5.0 2.0 7.0 1.0 0.0 0.0 1.0 0.0 6.0 1.0 0.0 0.0 14.0 3.0 0.0 0.0 0.0 
800.0 47.0 11.0 40.0 84.0 0.0 10.0 86.0 70.0 2.0 0.0 0.0 5.0 163.0 1.0 0.0 25.0 0.0 0.0 37.0 18.0 32.0 0.0 0.0 3.0 8.0 18.0 0.0 5.0 57.0 14.0 7.0 6.0 8.0 2.0 6.0 0.0 3.0 0.0 29.0 12.0 0.0 0.0 44.0 31.0 0.0 0.0 0.0 
373.0 16.0 5.0 6.0 37.0 0.0 4.0 45.0 26.0 3.0 1.0 0.0 0.0 111.0 0.0 0.0 14.0 1.0 0.0 6.0 1.0 14.0 1.0 0.0 3.0 2.0 13.0 0.0 3.0 23.0 6.0 15.0 2.0 4.0 1.0 1.0 0.0 1.0 0.0 9.0 7.0 0.0 0.0 19.0 12.0 0.0 0.0 0.0 
747.0 51.0 11.0 42.0 71.0 1.0 13.0 77.0 43.0 0.0 4.0 0.0 2.0 159.0 6.0 0.0 40.0 1.0 0.0 24.0 18.0 23.0 1.0 0.0 3.0 12.0 19.0 0.0 5.0 55.0 16.0 14.0 8.0 18.0 1.0 5.0 0.0 4.0 0.0 18.0 14.0 0.0 0.0 55.0 24.0 0.0 1.0 0.0 
740.0 39.0 18.0 24.0 76.0 0.0 1.0 95.0 63.0 1.0 0.0 0.0 3.0 175.0 5.0 0.0 33.0 0.0 0.0 26.0 13.0 29.0 0.0 1.0 4.0 8.0 14.0 0.0 4.0 26.0 24.0 9.0 19.0 17.0 0.0 1.0 0.0 5.0 0.0 22.0 8.0 0.0 0.0 38.0 31.0 0.0 0.0 0.0 
150.0 2.0 0.0 21.0 12.0 0.0 2.0 12.0 6.0 0.0 0.0 0.0 0.0 25.0 1.0 0.0 14.0 0.0 0.0 3.0 0.0 1.0 0.0 1.0 1.0 0.0 3.0 0.0 0.0 5.0 5.0 6.0 1.0 9.0 1.0 0.0 0.0 0.0 0.0 6.0 0.0 0.0 0.0 7.0 3.0 0.0 0.0 0.0 
1001.0 76.0 15.0 26.0 96.0 1.0 23.0 101.0 76.0 3.0 6.0 0.0 4.0 200.0 7.0 0.0 39.0 1.0 0.0 43.0 15.0 57.0 1.0 0.0 6.0 9.0 29.0 0.0 1.0 69.0 22.0 15.0 7.0 22.0 3.0 3.0 0.0 2.0 0.0 32.0 17.0 0.0 0.0 58.0 42.0 0.0 0.0 0.0 
244.0 12.0 7.0 15.0 18.0 0.0 4.0 23.0 16.0 2.0 0.0 0.0 2.0 49.0 1.0 0.0 20.0 0.0 0.0 12.0 3.0 14.0 0.0 0.0 0.0 2.0 4.0 0.0 2.0 11.0 3.0 2.0 4.0 8.0 0.0 0.0 0.0 2.0 0.0 9.0 5.0 0.0 0.0 14.0 13.0 0.0 0.0 0.0 
462.0 19.0 6.0 5.0 47.0 0.0 0.0 40.0 39.0 0.0 1.0 0.0 9.0 101.0 1.0 0.0 31.0 0.0 0.0 20.0 7.0 16.0 0.0 0.0 1.0 3.0 11.0 0.0 3.0 21.0 16.0 8.0 10.0 16.0 1.0 2.0 0.0 3.0 0.0 16.0 9.0 0.0 0.0 24.0 17.0 0.0 0.0 0.0 
152.0 6.0 1.0 4.0 12.0 0.0 4.0 18.0 12.0 0.0 0.0 0.0 0.0 49.0 0.0 0.0 9.0 0.0 0.0 1.0 3.0 4.0 0.0 0.0 0.0 0.0 4.0 0.0 0.0 10.0 3.0 2.0 0.0 2.0 0.0 1.0 0.0 0.0 0.0 3.0 2.0 0.0 0.0 5.0 7.0 0.0 2.0 0.0 
661.0 30.0 12.0 15.0 57.0 1.0 6.0 75.0 45.0 1.0 0.0 0.0 6.0 172.0 12.0 0.0 39.0 1.0 0.0 15.0 7.0 23.0 4.0 0.0 2.0 4.0 13.0 0.0 1.0 38.0 13.0 21.0 9.0 12.0 2.0 2.0 0.0 2.0 0.0 18.0 12.0 0.0 0.0 44.0 24.0 0.0 1.0 0.0 
310.0 19.0 4.0 18.0 27.0 0.0 3.0 38.0 22.0 1.0 0.0 0.0 2.0 82.0 4.0 0.0 23.0 0.0 1.0 5.0 0.0 4.0 0.0 0.0 1.0 1.0 3.0 0.0 1.0 16.0 5.0 10.0 3.0 7.0 0.0 1.0 0.0 2.0 0.0 8.0 1.0 0.0 0.0 15.0 18.0 0.0 1.0 0.0 
262.0 11.0 10.0 7.0 18.0 0.0 4.0 35.0 19.0 0.0 0.0 0.0 2.0 70.0 5.0 0.0 9.0 0.0 0.0 6.0 0.0 8.0 1.0 0.0 1.0 1.0 5.0 0.0 1.0 6.0 6.0 13.0 9.0 8.0 0.0 1.0 0.0 0.0 0.0 9.0 5.0 0.0 0.0 12.0 11.0 0.0 0.0 0.0 
163.0 7.0 2.0 6.0 13.0 0.0 5.0 22.0 9.0 0.0 0.0 0.0 3.0 50.0 2.0 0.0 6.0 0.0 0.0 2.0 1.0 2.0 0.0 0.0 2.0 0.0 6.0 0.0 1.0 10.0 0.0 5.0 3.0 0.0 0.0 2.0 0.0 0.0 0.0 1.0 0.0 0.0 0.0 6.0 9.0 0.0 0.0 0.0 
485.0 11.0 5.0 17.0 39.0 0.0 11.0 46.0 14.0 0.0 2.0 0.0 5.0 102.0 2.0 0.0 30.0 0.0 0.0 23.0 5.0 20.0 0.0 1.0 4.0 11.0 7.0 0.0 3.0 48.0 11.0 10.0 9.0 5.0 1.0 6.0 0.0 1.0 0.0 13.0 14.0 0.0 0.0 43.0 23.0 0.0 0.0 0.0 
2048.0 127.0 50.0 28.0 176.0 1.0 49.0 216.0 159.0 9.0 11.0 0.0 12.0 503.0 9.0 0.0 106.0 2.0 0.0 64.0 44.0 95.0 4.0 3.0 19.0 0.0 48.0 0.0 25.0 34.0 41.0 18.0 17.0 113.0 6.0 7.0 0.0 20.0 0.0 74.0 2.0 16.0 1.0 83.0 77.0 0.0 0.0 0.0 
860.0 44.0 22.0 13.0 111.0 0.0 4.0 101.0 56.0 3.0 2.0 0.0 2.0 196.0 2.0 0.0 58.0 0.0 0.0 15.0 15.0 35.0 4.0 1.0 11.0 0.0 28.0 0.0 3.0 73.0 17.0 9.0 6.0 8.0 1.0 5.0 2.0 1.0 0.0 30.0 0.0 0.0 0.0 33.0 28.0 0.0 0.0 0.0 
486.0 19.0 9.0 7.0 50.0 0.0 2.0 60.0 29.0 3.0 1.0 0.0 0.0 140.0 3.0 0.0 34.0 0.0 0.0 7.0 6.0 16.0 0.0 0.0 1.0 3.0 10.0 0.0 4.0 13.0 11.0 10.0 5.0 10.0 0.0 2.0 0.0 0.0 0.0 20.0 4.0 0.0 0.0 24.0 32.0 0.0 1.0 0.0 
341.0 17.0 7.0 13.0 34.0 0.0 2.0 44.0 20.0 1.0 1.0 0.0 14.0 75.0 3.0 0.0 26.0 0.0 1.0 3.0 0.0 9.0 0.0 1.0 0.0 0.0 7.0 0.0 1.0 2.0 1.0 20.0 4.0 8.0 2.0 0.0 0.0 1.0 0.0 10.0 0.0 0.0 0.0 18.0 14.0 0.0 2.0 0.0 
314.0 14.0 1.0 17.0 17.0 0.0 0.0 36.0 15.0 2.0 1.0 0.0 0.0 88.0 1.0 0.0 20.0 1.0 0.0 10.0 6.0 8.0 0.0 0.0 1.0 0.0 4.0 0.0 0.0 24.0 13.0 2.0 1.0 5.0 3.0 3.0 0.0 0.0 0.0 11.0 6.0 1.0 0.0 14.0 16.0 0.0 0.0 0.0 
126.0 5.0 1.0 0.0 13.0 0.0 0.0 16.0 6.0 0.0 0.0 0.0 1.0 40.0 1.0 0.0 6.0 0.0 0.0 1.0 2.0 6.0 0.0 0.0 0.0 0.0 3.0 0.0 0.0 3.0 2.0 9.0 5.0 2.0 0.0 2.0 0.0 0.0 0.0 1.0 2.0 0.0 0.0 7.0 3.0 0.0 1.0 0.0 
424.0 23.0 8.0 8.0 46.0 0.0 8.0 54.0 32.0 1.0 2.0 0.0 3.0 121.0 0.0 0.0 18.0 0.0 0.0 7.0 5.0 21.0 0.0 0.0 5.0 0.0 9.0 0.0 0.0 25.0 10.0 9.0 3.0 0.0 0.0 4.0 0.0 3.0 0.0 11.0 0.0 0.0 0.0 16.0 10.0 0.0 0.0 0.0 
707.0 43.0 19.0 18.0 50.0 0.0 6.0 61.0 39.0 1.0 0.0 0.0 3.0 154.0 5.0 0.0 33.0 0.0 14.0 29.0 18.0 32.0 1.0 1.0 2.0 0.0 14.0 0.0 3.0 57.0 7.0 11.0 8.0 9.0 3.0 4.0 0.0 4.0 0.0 24.0 1.0 0.0 0.0 37.0 50.0 0.0 0.0 0.0 
433.0 19.0 6.0 10.0 27.0 0.0 7.0 47.0 36.0 0.0 1.0 0.0 1.0 127.0 4.0 0.0 28.0 1.0 1.0 11.0 4.0 11.0 0.0 0.0 1.0 1.0 10.0 0.0 0.0 25.0 9.0 9.0 5.0 8.0 1.0 2.0 0.0 1.0 0.0 14.0 2.0 1.0 0.0 26.0 18.0 0.0 0.0 0.0 
648.0 39.0 8.0 40.0 68.0 0.0 11.0 64.0 55.0 0.0 0.0 0.0 4.0 111.0 3.0 0.0 51.0 0.0 0.0 21.0 6.0 25.0 3.0 0.0 6.0 9.0 16.0 0.0 1.0 48.0 7.0 4.0 5.0 10.0 3.0 4.0 0.0 1.0 0.0 14.0 11.0 0.0 0.0 41.0 21.0 0.0 0.0 0.0 
665.0 32.0 20.0 22.0 55.0 2.0 24.0 67.0 51.0 2.0 1.0 0.0 2.0 112.0 5.0 0.0 25.0 1.0 0.0 45.0 10.0 26.0 1.0 1.0 3.0 1.0 20.0 0.0 10.0 43.0 15.0 15.0 7.0 18.0 0.0 6.0 0.0 3.0 0.0 21.0 0.0 0.0 0.0 36.0 35.0 0.0 1.0 0.0 
443.0 17.0 2.0 20.0 35.0 0.0 5.0 41.0 33.0 1.0 3.0 0.0 1.0 87.0 1.0 0.0 28.0 0.0 0.0 25.0 10.0 18.0 0.0 3.0 3.0 8.0 10.0 0.0 1.0 27.0 12.0 10.0 13.0 7.0 0.0 3.0 0.0 2.0 0.0 11.0 11.0 1.0 0.0 29.0 15.0 0.0 0.0 0.0 
514.0 32.0 3.0 28.0 43.0 1.0 8.0 61.0 48.0 1.0 0.0 0.0 1.0 134.0 4.0 0.0 22.0 1.0 0.0 11.0 8.0 17.0 0.0 0.0 2.0 5.0 8.0 0.0 1.0 39.0 10.0 8.0 4.0 0.0 0.0 3.0 0.0 2.0 0.0 9.0 9.0 0.0 0.0 26.0 23.0 0.0 3.0 0.0 
1766.0 107.0 54.0 21.0 135.0 8.0 60.0 166.0 103.0 10.0 4.0 0.0 19.0 309.0 2.0 0.0 66.0 1.0 0.0 118.0 53.0 105.0 1.0 0.0 14.0 9.0 43.0 0.0 15.0 146.0 41.0 38.0 10.0 31.0 7.0 11.0 0.0 9.0 0.0 59.0 4.0 5.0 0.0 129.0 97.0 1.0 0.0 0.0 
707.0 41.0 12.0 35.0 63.0 2.0 6.0 71.0 45.0 2.0 2.0 0.0 2.0 150.0 4.0 0.0 35.0 0.0 0.0 17.0 11.0 34.0 0.0 0.0 6.0 6.0 21.0 0.0 1.0 43.0 16.0 15.0 17.0 14.0 6.0 2.0 0.0 2.0 0.0 21.0 11.0 1.0 0.0 39.0 27.0 0.0 2.0 0.0 
849.0 48.0 11.0 51.0 78.0 0.0 18.0 82.0 55.0 1.0 1.0 0.0 4.0 175.0 7.0 0.0 56.0 0.0 0.0 22.0 15.0 28.0 0.0 0.0 8.0 13.0 13.0 0.0 0.0 69.0 18.0 8.0 6.0 11.0 1.0 5.0 0.0 3.0 0.0 26.0 13.0 0.0 0.0 56.0 46.0 0.0 1.0 0.0 
211.0 9.0 7.0 9.0 18.0 1.0 7.0 33.0 18.0 2.0 0.0 0.0 0.0 59.0 2.0 0.0 13.0 0.0 0.0 1.0 0.0 7.0 0.0 0.0 0.0 0.0 2.0 0.0 1.0 7.0 5.0 4.0 4.0 0.0 1.0 2.0 0.0 0.0 0.0 3.0 0.0 0.0 1.0 6.0 8.0 0.0 0.0 0.0 
266.0 14.0 1.0 3.0 28.0 0.0 2.0 40.0 26.0 0.0 1.0 0.0 1.0 83.0 3.0 0.0 9.0 0.0 0.0 2.0 8.0 7.0 0.0 0.0 2.0 0.0 3.0 0.0 0.0 11.0 9.0 6.0 0.0 5.0 0.0 0.0 0.0 1.0 0.0 5.0 2.0 0.0 0.0 9.0 9.0 0.0 0.0 0.0 
481.0 17.0 9.0 17.0 39.0 1.0 13.0 45.0 35.0 0.0 1.0 0.0 8.0 108.0 4.0 0.0 28.0 0.0 0.0 13.0 5.0 24.0 1.0 0.0 2.0 2.0 9.0 0.0 1.0 26.0 11.0 12.0 7.0 13.0 1.0 6.0 1.0 2.0 0.0 16.0 5.0 0.0 0.0 26.0 16.0 0.0 0.0 0.0 
373.0 17.0 3.0 19.0 32.0 0.0 4.0 37.0 19.0 0.0 0.0 0.0 0.0 105.0 4.0 0.0 17.0 0.0 0.0 15.0 6.0 7.0 0.0 0.0 1.0 1.0 10.0 0.0 2.0 30.0 9.0 7.0 1.0 5.0 3.0 2.0 0.0 1.0 0.0 10.0 3.0 0.0 0.0 20.0 19.0 0.0 0.0 0.0 
128.0 6.0 1.0 4.0 17.0 0.0 2.0 17.0 8.0 0.0 0.0 0.0 1.0 40.0 2.0 0.0 8.0 0.0 0.0 0.0 1.0 3.0 0.0 0.0 1.0 0.0 2.0 0.0 0.0 6.0 5.0 4.0 1.0 1.0 1.0 0.0 0.0 0.0 0.0 1.0 1.0 0.0 0.0 9.0 1.0 0.0 0.0 0.0 
164.0 2.0 1.0 13.0 15.0 0.0 0.0 24.0 8.0 1.0 4.0 0.0 3.0 42.0 1.0 0.0 13.0 0.0 0.0 1.0 0.0 3.0 0.0 0.0 0.0 0.0 1.0 0.0 0.0 4.0 3.0 6.0 2.0 2.0 1.0 0.0 0.0 0.0 0.0 3.0 0.0 0.0 0.0 6.0 8.0 0.0 0.0 0.0 
150.0 5.0 0.0 27.0 12.0 0.0 4.0 15.0 4.0 0.0 0.0 0.0 0.0 33.0 0.0 0.0 11.0 0.0 0.0 0.0 1.0 6.0 0.0 0.0 0.0 0.0 0.0 0.0 0.0 12.0 0.0 1.0 1.0 3.0 1.0 0.0 0.0 0.0 0.0 4.0 0.0 0.0 0.0 6.0 7.0 0.0 0.0 0.0 
116.0 3.0 0.0 0.0 10.0 0.0 0.0 7.0 8.0 0.0 0.0 0.0 1.0 44.0 0.0 0.0 6.0 0.0 0.0 4.0 1.0 4.0 0.0 0.0 1.0 2.0 4.0 0.0 0.0 5.0 1.0 2.0 1.0 4.0 0.0 1.0 0.0 0.0 0.0 3.0 8.0 0.0 0.0 10.0 3.0 0.0 0.0 0.0 
805.0 31.0 17.0 13.0 67.0 1.0 5.0 85.0 47.0 3.0 3.0 0.0 9.0 198.0 4.0 0.0 56.0 0.0 0.0 35.0 16.0 30.0 1.0 0.0 2.0 6.0 17.0 0.0 1.0 62.0 9.0 29.0 8.0 17.0 4.0 1.0 0.0 3.0 0.0 23.0 19.0 0.0 0.0 48.0 26.0 0.0 0.0 0.0 
734.0 19.0 11.0 0.0 61.0 0.0 5.0 66.0 41.0 1.0 1.0 0.0 3.0 183.0 6.0 0.0 48.0 0.0 0.0 38.0 14.0 28.0 0.0 0.0 4.0 11.0 20.0 0.0 3.0 55.0 8.0 16.0 13.0 14.0 1.0 9.0 1.0 7.0 0.0 30.0 21.0 0.0 0.0 45.0 27.0 0.0 0.0 0.0 
784.0 52.0 13.0 15.0 56.0 0.0 11.0 79.0 60.0 4.0 0.0 0.0 4.0 143.0 3.0 0.0 47.0 0.0 0.0 50.0 20.0 47.0 3.0 0.0 4.0 9.0 18.0 0.0 7.0 48.0 18.0 13.0 12.0 22.0 0.0 5.0 0.0 3.0 0.0 23.0 18.0 1.0 0.0 45.0 38.0 0.0 1.0 0.0 
964.0 30.0 9.0 25.0 74.0 2.0 38.0 113.0 94.0 1.0 3.0 0.0 6.0 228.0 2.0 0.0 62.0 1.0 0.0 10.0 8.0 34.0 3.0 4.0 4.0 0.0 11.0 0.0 4.0 3.0 28.0 15.0 27.0 21.0 2.0 2.0 0.0 4.0 0.0 31.0 1.0 0.0 0.0 34.0 48.0 0.0 1.0 0.0 
465.0 27.0 1.0 46.0 39.0 0.0 72.0 48.0 39.0 0.0 2.0 0.0 0.0 93.0 2.0 0.0 31.0 0.0 0.0 3.0 7.0 8.0 0.0 0.0 2.0 0.0 11.0 0.0 0.0 20.0 8.0 5.0 2.0 2.0 0.0 0.0 1.0 0.0 0.0 6.0 0.0 0.0 0.0 25.0 12.0 0.0 1.0 0.0 
513.0 31.0 13.0 27.0 43.0 0.0 8.0 52.0 28.0 0.0 1.0 0.0 6.0 107.0 4.0 0.0 30.0 2.0 2.0 16.0 2.0 28.0 1.0 0.0 3.0 0.0 13.0 0.0 1.0 31.0 5.0 8.0 9.0 3.0 2.0 1.0 0.0 3.0 0.0 16.0 0.0 0.0 0.0 26.0 29.0 0.0 4.0 0.0 
388.0 24.0 3.0 12.0 30.0 1.0 8.0 39.0 29.0 0.0 0.0 0.0 2.0 107.0 2.0 0.0 32.0 0.0 0.0 12.0 6.0 7.0 1.0 0.0 0.0 6.0 8.0 0.0 3.0 28.0 6.0 6.0 5.0 6.0 2.0 1.0 0.0 0.0 0.0 10.0 11.0 1.0 0.0 28.0 11.0 0.0 0.0 0.0 
565.0 39.0 9.0 43.0 56.0 0.0 6.0 54.0 31.0 1.0 0.0 0.0 1.0 144.0 2.0 0.0 29.0 0.0 0.0 17.0 5.0 15.0 0.0 0.0 2.0 7.0 17.0 0.0 1.0 52.0 6.0 8.0 7.0 0.0 1.0 1.0 0.0 1.0 0.0 17.0 11.0 0.0 0.0 38.0 13.0 0.0 4.0 0.0 
222.0 11.0 2.0 3.0 17.0 0.0 0.0 17.0 10.0 0.0 0.0 0.0 1.0 73.0 1.0 0.0 12.0 0.0 0.0 8.0 3.0 6.0 0.0 1.0 1.0 3.0 6.0 0.0 2.0 18.0 7.0 4.0 0.0 3.0 0.0 1.0 0.0 1.0 0.0 10.0 10.0 0.0 0.0 18.0 5.0 0.0 3.0 0.0 
103.0 7.0 0.0 5.0 13.0 0.0 0.0 7.0 13.0 0.0 2.0 0.0 0.0 28.0 3.0 0.0 1.0 0.0 0.0 3.0 0.0 0.0 0.0 0.0 1.0 0.0 3.0 0.0 0.0 8.0 1.0 0.0 0.0 3.0 0.0 1.0 0.0 1.0 0.0 2.0 0.0 0.0 0.0 4.0 5.0 0.0 0.0 0.0 
392.0 15.0 2.0 13.0 43.0 0.0 3.0 34.0 20.0 1.0 1.0 0.0 2.0 100.0 3.0 0.0 23.0 0.0 0.0 16.0 7.0 12.0 0.0 0.0 3.0 3.0 16.0 0.0 2.0 24.0 7.0 10.0 6.0 6.0 0.0 3.0 0.0 1.0 0.0 10.0 7.0 0.0 0.0 20.0 14.0 0.0 0.0 0.0 
852.0 43.0 13.0 54.0 86.0 0.0 17.0 84.0 51.0 2.0 3.0 0.0 3.0 176.0 2.0 0.0 50.0 1.0 0.0 21.0 11.0 46.0 1.0 0.0 7.0 6.0 18.0 0.0 6.0 54.0 5.0 9.0 12.0 9.0 4.0 3.0 1.0 5.0 0.0 29.0 12.0 0.0 0.0 44.0 46.0 1.0 4.0 0.0 
273.0 12.0 1.0 11.0 22.0 0.0 11.0 32.0 21.0 1.0 3.0 0.0 2.0 82.0 1.0 0.0 20.0 0.0 0.0 1.0 5.0 3.0 0.0 0.0 2.0 0.0 1.0 0.0 1.0 11.0 6.0 2.0 2.0 8.0 0.0 3.0 0.0 3.0 0.0 2.0 4.0 1.0 0.0 14.0 6.0 0.0 5.0 0.0 
394.0 24.0 3.0 6.0 42.0 1.0 5.0 55.0 23.0 0.0 2.0 0.0 2.0 113.0 4.0 0.0 28.0 1.0 0.0 4.0 7.0 11.0 0.0 0.0 0.0 2.0 3.0 0.0 1.0 20.0 8.0 14.0 6.0 5.0 4.0 1.0 0.0 1.0 0.0 8.0 5.0 0.0 0.0 17.0 10.0 0.0 2.0 0.0 
1002.0 57.0 17.0 24.0 93.0 5.0 20.0 94.0 70.0 6.0 2.0 0.0 10.0 218.0 5.0 0.0 63.0 0.0 0.0 35.0 25.0 46.0 1.0 0.0 4.0 14.0 32.0 0.0 3.0 33.0 25.0 26.0 25.0 36.0 4.0 4.0 0.0 2.0 0.0 21.0 22.0 0.0 0.0 77.0 27.0 0.0 0.0 0.0 
474.0 34.0 10.0 8.0 33.0 0.0 9.0 44.0 39.0 1.0 1.0 0.0 5.0 78.0 5.0 0.0 14.0 1.0 1.0 26.0 7.0 28.0 2.0 0.0 1.0 0.0 15.0 0.0 6.0 10.0 7.0 16.0 24.0 9.0 4.0 2.0 0.0 5.0 0.0 13.0 1.0 1.0 0.0 21.0 22.0 0.0 2.0 0.0 
844.0 40.0 12.0 33.0 63.0 0.0 24.0 72.0 64.0 2.0 5.0 0.0 1.0 246.0 0.0 0.0 63.0 0.0 8.0 9.0 8.0 20.0 0.0 2.0 2.0 1.0 7.0 0.0 5.0 12.0 13.0 10.0 7.0 19.0 5.0 4.0 0.0 2.0 0.0 29.0 1.0 0.0 0.0 24.0 69.0 12.0 2.0 0.0 
225.0 4.0 0.0 5.0 17.0 0.0 0.0 25.0 9.0 2.0 0.0 0.0 1.0 64.0 1.0 0.0 4.0 0.0 3.0 12.0 6.0 9.0 0.0 0.0 1.0 0.0 6.0 0.0 0.0 10.0 3.0 5.0 4.0 11.0 0.0 0.0 0.0 1.0 0.0 5.0 2.0 0.0 0.0 12.0 11.0 0.0 2.0 0.0 
413.0 19.0 5.0 15.0 43.0 0.0 4.0 51.0 35.0 1.0 1.0 0.0 4.0 100.0 3.0 0.0 25.0 1.0 0.0 8.0 2.0 11.0 0.0 0.0 3.0 5.0 8.0 0.0 1.0 24.0 10.0 4.0 3.0 6.0 0.0 1.0 0.0 2.0 0.0 11.0 5.0 1.0 0.0 24.0 18.0 0.0 0.0 0.0 
310.0 12.0 2.0 24.0 29.0 2.0 3.0 30.0 20.0 0.0 1.0 0.0 4.0 84.0 1.0 0.0 14.0 0.0 0.0 6.0 3.0 3.0 0.0 0.0 2.0 5.0 6.0 0.0 2.0 17.0 3.0 3.0 2.0 8.0 1.0 0.0 0.0 0.0 0.0 8.0 7.0 0.0 0.0 21.0 10.0 0.0 1.0 0.0 
215.0 11.0 4.0 2.0 21.0 0.0 2.0 29.0 12.0 2.0 0.0 0.0 6.0 53.0 1.0 0.0 9.0 0.0 0.0 6.0 0.0 10.0 0.0 1.0 1.0 0.0 6.0 0.0 3.0 2.0 4.0 4.0 5.0 6.0 3.0 0.0 0.0 0.0 0.0 5.0 0.0 1.0 0.0 12.0 12.0 0.0 1.0 0.0 
160.0 9.0 1.0 5.0 22.0 0.0 2.0 16.0 11.0 0.0 0.0 0.0 0.0 56.0 0.0 0.0 10.0 0.0 0.0 1.0 0.0 1.0 0.0 0.0 0.0 0.0 3.0 0.0 0.0 9.0 7.0 3.0 3.0 1.0 0.0 0.0 0.0 1.0 0.0 6.0 2.0 0.0 0.0 4.0 2.0 0.0 1.0 0.0 
304.0 16.0 3.0 10.0 25.0 0.0 8.0 32.0 24.0 0.0 0.0 0.0 2.0 75.0 4.0 0.0 18.0 0.0 3.0 6.0 5.0 13.0 0.0 0.0 1.0 0.0 11.0 0.0 1.0 10.0 7.0 4.0 6.0 9.0 0.0 0.0 0.0 1.0 0.0 9.0 0.0 0.0 0.0 16.0 5.0 0.0 0.0 0.0 
236.0 18.0 2.0 3.0 19.0 0.0 7.0 27.0 11.0 0.0 0.0 0.0 1.0 60.0 2.0 0.0 11.0 0.0 0.0 14.0 2.0 8.0 0.0 0.0 1.0 3.0 7.0 0.0 1.0 23.0 7.0 6.0 0.0 4.0 1.0 1.0 0.0 1.0 0.0 5.0 6.0 0.0 0.0 17.0 3.0 0.0 0.0 0.0 
149.0 6.0 0.0 18.0 13.0 0.0 4.0 11.0 8.0 0.0 0.0 0.0 1.0 33.0 3.0 0.0 17.0 0.0 0.0 2.0 2.0 1.0 0.0 0.0 0.0 0.0 3.0 0.0 1.0 7.0 1.0 2.0 1.0 6.0 0.0 0.0 0.0 0.0 0.0 7.0 0.0 0.0 0.0 8.0 4.0 0.0 0.0 0.0 
426.0 23.0 14.0 20.0 33.0 0.0 4.0 50.0 32.0 4.0 0.0 0.0 5.0 115.0 3.0 0.0 54.0 0.0 1.0 1.0 0.0 1.0 0.0 0.0 3.0 0.0 7.0 0.0 3.0 2.0 8.0 2.0 11.0 6.0 1.0 0.0 0.0 2.0 0.0 20.0 0.0 0.0 1.0 13.0 24.0 2.0 1.0 0.0 
686.0 35.0 21.0 15.0 63.0 0.0 3.0 83.0 47.0 2.0 2.0 0.0 3.0 171.0 2.0 0.0 43.0 0.0 0.0 21.0 10.0 21.0 0.0 0.0 1.0 5.0 19.0 0.0 2.0 42.0 10.0 19.0 15.0 15.0 1.0 7.0 0.0 4.0 0.0 15.0 12.0 0.0 0.0 37.0 24.0 0.0 1.0 0.0 
388.0 16.0 3.0 10.0 32.0 0.0 22.0 37.0 23.0 0.0 0.0 0.0 5.0 116.0 0.0 0.0 16.0 0.0 0.0 5.0 6.0 10.0 0.0 0.0 3.0 2.0 14.0 0.0 1.0 2.0 11.0 17.0 6.0 18.0 0.0 0.0 0.0 1.0 0.0 7.0 9.0 0.0 0.0 25.0 3.0 0.0 1.0 0.0 
206.0 8.0 8.0 5.0 18.0 0.0 6.0 25.0 20.0 3.0 2.0 0.0 0.0 44.0 0.0 0.0 11.0 0.0 2.0 9.0 1.0 10.0 1.0 0.0 1.0 0.0 2.0 0.0 1.0 11.0 5.0 2.0 1.0 4.0 0.0 1.0 0.0 0.0 0.0 1.0 1.0 0.0 0.0 9.0 8.0 0.0 2.0 0.0 
156.0 6.0 2.0 15.0 10.0 1.0 0.0 18.0 8.0 0.0 0.0 0.0 1.0 31.0 0.0 0.0 13.0 0.0 0.0 5.0 5.0 10.0 0.0 0.0 1.0 0.0 5.0 0.0 0.0 0.0 1.0 5.0 8.0 5.0 0.0 0.0 0.0 0.0 0.0 5.0 0.0 0.0 0.0 6.0 1.0 0.0 0.0 0.0 
1448.0 72.0 28.0 31.0 140.0 2.0 14.0 156.0 95.0 1.0 2.0 0.0 9.0 302.0 7.0 0.0 125.0 1.0 0.0 27.0 15.0 66.0 2.0 0.0 7.0 13.0 43.0 0.0 3.0 100.0 36.0 47.0 12.0 16.0 10.0 8.0 1.0 4.0 0.0 40.0 25.0 0.0 1.0 60.0 69.0 0.0 1.0 0.0 
319.0 20.0 4.0 7.0 32.0 0.0 9.0 44.0 25.0 1.0 0.0 0.0 3.0 92.0 0.0 0.0 18.0 0.0 0.0 7.0 4.0 7.0 0.0 0.0 5.0 3.0 7.0 0.0 2.0 14.0 3.0 5.0 2.0 3.0 1.0 0.0 0.0 1.0 0.0 9.0 8.0 0.0 0.0 12.0 3.0 0.0 5.0 0.0 
431.0 22.0 8.0 21.0 34.0 0.0 13.0 50.0 27.0 1.0 1.0 0.0 1.0 138.0 4.0 0.0 22.0 0.0 0.0 5.0 4.0 12.0 0.0 0.0 1.0 2.0 4.0 0.0 2.0 19.0 10.0 10.0 4.0 9.0 0.0 3.0 0.0 1.0 0.0 3.0 10.0 1.0 1.0 26.0 16.0 0.0 2.0 0.0 
241.0 16.0 3.0 14.0 15.0 0.0 0.0 27.0 18.0 2.0 2.0 0.0 0.0 66.0 0.0 0.0 17.0 1.0 0.0 8.0 7.0 3.0 0.0 0.0 2.0 0.0 5.0 0.0 1.0 6.0 8.0 7.0 4.0 9.0 0.0 1.0 0.0 1.0 0.0 7.0 7.0 0.0 0.0 15.0 4.0 0.0 1.0 0.0 
149.0 6.0 1.0 8.0 14.0 0.0 5.0 15.0 11.0 0.0 0.0 0.0 0.0 47.0 1.0 0.0 4.0 0.0 0.0 4.0 0.0 7.0 0.0 0.0 1.0 0.0 4.0 0.0 0.0 8.0 2.0 2.0 2.0 3.0 0.0 0.0 0.0 2.0 0.0 4.0 0.0 0.0 0.0 6.0 3.0 0.0 0.0 0.0 
69.0 4.0 1.0 1.0 8.0 0.0 2.0 7.0 2.0 2.0 0.0 0.0 0.0 21.0 0.0 0.0 3.0 0.0 0.0 1.0 0.0 4.0 0.0 0.0 0.0 0.0 2.0 0.0 0.0 4.0 2.0 0.0 1.0 0.0 0.0 2.0 0.0 0.0 0.0 2.0 0.0 0.0 0.0 2.0 3.0 0.0 0.0 0.0 
527.0 25.0 4.0 32.0 45.0 0.0 6.0 46.0 33.0 1.0 0.0 0.0 3.0 134.0 1.0 0.0 40.0 0.0 0.0 23.0 5.0 21.0 2.0 0.0 1.0 11.0 6.0 0.0 2.0 33.0 11.0 8.0 9.0 10.0 0.0 2.0 0.0 4.0 0.0 9.0 12.0 0.0 0.0 44.0 17.0 0.0 3.0 0.0 
611.0 35.0 7.0 40.0 49.0 0.0 8.0 88.0 52.0 0.0 0.0 0.0 3.0 133.0 4.0 0.0 31.0 0.0 3.0 12.0 17.0 26.0 1.0 0.0 0.0 0.0 11.0 0.0 1.0 36.0 11.0 9.0 10.0 1.0 0.0 1.0 0.0 1.0 0.0 13.0 0.0 0.0 0.0 28.0 33.0 0.0 1.0 0.0 
209.0 14.0 3.0 1.0 16.0 0.0 8.0 18.0 18.0 0.0 2.0 0.0 1.0 70.0 2.0 0.0 11.0 1.0 0.0 4.0 3.0 2.0 0.0 0.0 2.0 2.0 6.0 0.0 1.0 8.0 3.0 2.0 1.0 3.0 0.0 0.0 0.0 0.0 0.0 10.0 2.0 0.0 0.0 7.0 7.0 0.0 1.0 0.0 
429.0 24.0 16.0 21.0 46.0 1.0 11.0 45.0 17.0 2.0 0.0 0.0 5.0 84.0 0.0 0.0 40.0 1.0 0.0 10.0 7.0 21.0 0.0 0.0 6.0 3.0 9.0 0.0 4.0 20.0 9.0 8.0 9.0 5.0 1.0 2.0 0.0 1.0 0.0 11.0 8.0 0.0 0.0 22.0 15.0 0.0 0.0 0.0 
137.0 3.0 0.0 1.0 11.0 0.0 0.0 16.0 10.0 0.0 0.0 0.0 0.0 46.0 1.0 0.0 13.0 0.0 0.0 0.0 3.0 4.0 0.0 0.0 0.0 1.0 3.0 0.0 0.0 6.0 6.0 3.0 0.0 0.0 0.0 0.0 0.0 0.0 0.0 3.0 2.0 0.0 0.0 5.0 7.0 0.0 1.0 0.0 
1001.0 46.0 14.0 30.0 84.0 0.0 9.0 87.0 69.0 2.0 1.0 0.0 5.0 247.0 7.0 0.0 71.0 0.0 0.0 34.0 21.0 26.0 1.0 1.0 5.0 7.0 31.0 0.0 4.0 86.0 12.0 11.0 2.0 10.0 2.0 5.0 0.0 14.0 0.0 43.0 17.0 1.0 0.0 60.0 52.0 0.0 0.0 0.0 
249.0 12.0 1.0 4.0 19.0 1.0 7.0 26.0 16.0 0.0 0.0 0.0 3.0 64.0 1.0 0.0 10.0 0.0 1.0 4.0 5.0 7.0 0.0 0.0 0.0 1.0 10.0 0.0 0.0 10.0 6.0 10.0 4.0 4.0 2.0 0.0 0.0 1.0 0.0 4.0 5.0 0.0 0.0 14.0 4.0 0.0 2.0 0.0 
309.0 21.0 4.0 1.0 19.0 1.0 4.0 35.0 23.0 0.0 0.0 0.0 2.0 93.0 1.0 0.0 17.0 0.0 0.0 7.0 5.0 16.0 0.0 0.0 0.0 1.0 3.0 0.0 0.0 13.0 7.0 13.0 9.0 14.0 0.0 0.0 0.0 3.0 0.0 8.0 7.0 0.0 0.0 19.0 3.0 0.0 5.0 0.0 
107.0 10.0 2.0 0.0 10.0 0.0 0.0 12.0 9.0 0.0 2.0 0.0 2.0 44.0 0.0 0.0 4.0 0.0 0.0 5.0 1.0 1.0 0.0 0.0 0.0 0.0 2.0 0.0 0.0 3.0 1.0 1.0 0.0 4.0 0.0 0.0 0.0 0.0 0.0 2.0 6.0 0.0 0.0 10.0 1.0 0.0 0.0 0.0 
692.0 36.0 24.0 7.0 49.0 2.0 21.0 66.0 52.0 2.0 3.0 0.0 11.0 124.0 3.0 0.0 19.0 1.0 0.0 51.0 8.0 41.0 1.0 2.0 0.0 0.0 23.0 0.0 4.0 21.0 11.0 21.0 22.0 36.0 2.0 8.0 0.0 6.0 0.0 21.0 0.0 3.0 0.0 38.0 18.0 0.0 3.0 0.0 
740.0 53.0 16.0 20.0 60.0 2.0 10.0 75.0 61.0 6.0 1.0 0.0 19.0 160.0 3.0 0.0 24.0 0.0 8.0 23.0 11.0 31.0 1.0 1.0 4.0 0.0 20.0 0.0 5.0 26.0 11.0 12.0 7.0 17.0 2.0 6.0 0.0 2.0 0.0 13.0 1.0 0.0 0.0 36.0 32.0 0.0 1.0 0.0 
754.0 63.0 10.0 28.0 71.0 0.0 13.0 92.0 33.0 4.0 2.0 0.0 9.0 165.0 7.0 0.0 22.0 0.0 0.0 39.0 4.0 38.0 2.0 1.0 4.0 8.0 24.0 0.0 9.0 33.0 15.0 14.0 24.0 14.0 0.0 2.0 0.0 3.0 0.0 25.0 14.0 0.0 0.0 51.0 19.0 0.0 0.0 0.0 
577.0 21.0 5.0 6.0 40.0 0.0 2.0 61.0 22.0 1.0 0.0 0.0 0.0 140.0 6.0 0.0 40.0 0.0 0.0 32.0 18.0 26.0 0.0 0.0 1.0 4.0 12.0 0.0 3.0 53.0 10.0 12.0 7.0 10.0 0.0 3.0 0.0 6.0 0.0 17.0 11.0 0.0 0.0 29.0 28.0 0.0 2.0 0.0 
1352.0 76.0 32.0 20.0 125.0 1.0 23.0 120.0 82.0 3.0 1.0 0.0 16.0 299.0 4.0 0.0 80.0 0.0 9.0 46.0 24.0 69.0 1.0 1.0 3.0 0.0 30.0 0.0 4.0 59.0 33.0 42.0 25.0 49.0 7.0 9.0 0.0 10.0 0.0 34.0 0.0 2.0 0.0 78.0 42.0 0.0 3.0 0.0 
176.0 6.0 7.0 6.0 11.0 1.0 0.0 25.0 9.0 1.0 1.0 0.0 0.0 51.0 2.0 0.0 8.0 0.0 0.0 3.0 7.0 6.0 0.0 0.0 0.0 2.0 3.0 0.0 1.0 5.0 3.0 5.0 5.0 5.0 0.0 1.0 0.0 1.0 0.0 3.0 5.0 0.0 1.0 11.0 4.0 0.0 3.0 0.0 
781.0 50.0 14.0 60.0 74.0 0.0 2.0 91.0 54.0 7.0 2.0 0.0 2.0 165.0 5.0 0.0 60.0 0.0 0.0 19.0 13.0 28.0 1.0 0.0 4.0 6.0 14.0 0.0 4.0 53.0 17.0 5.0 5.0 10.0 3.0 4.0 0.0 2.0 0.0 23.0 8.0 2.0 0.0 43.0 29.0 0.0 0.0 0.0 
216.0 5.0 3.0 4.0 16.0 0.0 2.0 28.0 18.0 0.0 1.0 0.0 0.0 51.0 0.0 0.0 25.0 0.0 1.0 0.0 3.0 5.0 0.0 1.0 0.0 0.0 8.0 0.0 0.0 4.0 5.0 13.0 3.0 3.0 0.0 2.0 0.0 0.0 0.0 10.0 0.0 0.0 0.0 7.0 6.0 0.0 0.0 0.0 
298.0 11.0 3.0 14.0 17.0 0.0 2.0 35.0 29.0 0.0 0.0 0.0 4.0 82.0 1.0 0.0 24.0 0.0 0.0 4.0 4.0 8.0 1.0 0.0 0.0 2.0 6.0 0.0 0.0 12.0 4.0 6.0 2.0 7.0 1.0 4.0 0.0 1.0 0.0 8.0 4.0 0.0 0.0 13.0 11.0 0.0 0.0 0.0 
148.0 3.0 0.0 8.0 16.0 0.0 8.0 14.0 13.0 0.0 0.0 0.0 2.0 53.0 2.0 0.0 3.0 0.0 0.0 0.0 0.0 2.0 0.0 0.0 0.0 0.0 1.0 0.0 0.0 1.0 2.0 1.0 2.0 6.0 1.0 0.0 0.0 0.0 0.0 2.0 3.0 0.0 0.0 6.0 4.0 0.0 2.0 0.0 
143.0 10.0 2.0 2.0 9.0 2.0 2.0 16.0 7.0 2.0 0.0 0.0 3.0 43.0 1.0 0.0 8.0 0.0 2.0 5.0 2.0 2.0 0.0 0.0 3.0 0.0 1.0 0.0 1.0 7.0 1.0 5.0 5.0 1.0 0.0 0.0 0.0 0.0 0.0 4.0 1.0 0.0 0.0 6.0 2.0 0.0 1.0 0.0 
538.0 31.0 4.0 56.0 51.0 0.0 4.0 63.0 30.0 4.0 2.0 0.0 0.0 115.0 6.0 0.0 51.0 0.0 0.0 4.0 10.0 11.0 0.0 0.0 0.0 0.0 8.0 0.0 3.0 39.0 13.0 7.0 3.0 3.0 2.0 2.0 0.0 1.0 0.0 21.0 0.0 0.0 0.0 26.0 20.0 0.0 0.0 0.0 
231.0 7.0 5.0 7.0 11.0 0.0 9.0 32.0 10.0 0.0 0.0 0.0 6.0 65.0 7.0 0.0 15.0 0.0 0.0 3.0 6.0 9.0 1.0 1.0 1.0 1.0 0.0 0.0 3.0 7.0 5.0 7.0 3.0 3.0 0.0 1.0 0.0 1.0 0.0 7.0 4.0 0.0 0.0 12.0 6.0 0.0 0.0 0.0 
84.0 5.0 0.0 4.0 9.0 0.0 2.0 10.0 9.0 0.0 0.0 0.0 3.0 26.0 0.0 0.0 2.0 0.0 0.0 0.0 0.0 1.0 0.0 0.0 1.0 0.0 2.0 0.0 1.0 1.0 1.0 0.0 0.0 1.0 1.0 0.0 0.0 0.0 0.0 2.0 0.0 0.0 0.0 4.0 4.0 0.0 0.0 0.0 
353.0 12.0 6.0 22.0 44.0 1.0 8.0 36.0 25.0 0.0 1.0 0.0 1.0 95.0 1.0 0.0 14.0 0.0 2.0 7.0 4.0 4.0 0.0 0.0 0.0 1.0 5.0 0.0 3.0 7.0 0.0 4.0 5.0 10.0 1.0 1.0 0.0 1.0 0.0 11.0 2.0 0.0 0.0 17.0 13.0 0.0 0.0 0.0 
153.0 8.0 0.0 6.0 13.0 0.0 0.0 14.0 8.0 0.0 0.0 0.0 1.0 54.0 1.0 0.0 4.0 0.0 0.0 6.0 3.0 2.0 0.0 0.0 0.0 0.0 6.0 0.0 1.0 7.0 1.0 5.0 0.0 6.0 0.0 0.0 0.0 1.0 0.0 3.0 1.0 0.0 0.0 8.0 4.0 0.0 0.0 0.0 
393.0 16.0 5.0 42.0 37.0 0.0 12.0 54.0 29.0 0.0 2.0 0.0 0.0 74.0 4.0 0.0 34.0 0.0 0.0 5.0 5.0 10.0 0.0 0.0 2.0 0.0 3.0 0.0 1.0 22.0 10.0 6.0 5.0 4.0 0.0 0.0 0.0 2.0 0.0 13.0 0.0 0.0 0.0 11.0 9.0 0.0 5.0 0.0 
304.0 10.0 6.0 10.0 29.0 0.0 3.0 41.0 22.0 0.0 1.0 0.0 0.0 66.0 6.0 0.0 17.0 0.0 0.0 8.0 5.0 11.0 2.0 1.0 0.0 1.0 7.0 0.0 1.0 20.0 10.0 9.0 2.0 2.0 0.0 1.0 0.0 2.0 0.0 9.0 1.0 0.0 0.0 12.0 13.0 0.0 0.0 0.0 
1040.0 57.0 24.0 32.0 97.0 1.0 17.0 121.0 53.0 1.0 4.0 0.0 6.0 243.0 9.0 0.0 48.0 0.0 0.0 37.0 33.0 41.0 1.0 0.0 5.0 13.0 31.0 0.0 5.0 68.0 20.0 19.0 10.0 17.0 3.0 3.0 0.0 6.0 0.0 27.0 21.0 1.0 0.0 56.0 33.0 0.0 0.0 0.0 
264.0 13.0 2.0 9.0 22.0 0.0 0.0 36.0 25.0 0.0 2.0 0.0 5.0 78.0 10.0 0.0 12.0 0.0 0.0 2.0 3.0 3.0 0.0 0.0 0.0 0.0 5.0 0.0 1.0 17.0 6.0 5.0 0.0 1.0 0.0 1.0 0.0 1.0 0.0 7.0 0.0 0.0 0.0 15.0 7.0 0.0 0.0 0.0 
204.0 9.0 4.0 12.0 9.0 1.0 6.0 24.0 15.0 0.0 0.0 0.0 0.0 76.0 0.0 0.0 13.0 0.0 2.0 2.0 4.0 3.0 0.0 0.0 1.0 0.0 3.0 0.0 0.0 10.0 3.0 1.0 3.0 2.0 0.0 0.0 0.0 0.0 0.0 5.0 2.0 0.0 0.0 8.0 1.0 0.0 3.0 0.0 
1367.0 67.0 28.0 26.0 111.0 2.0 20.0 140.0 72.0 2.0 9.0 0.0 17.0 206.0 9.0 0.0 70.0 1.0 15.0 69.0 29.0 77.0 3.0 0.0 5.0 1.0 31.0 0.0 12.0 49.0 34.0 28.0 40.0 40.0 3.0 14.0 0.0 8.0 0.0 43.0 0.0 1.0 0.0 56.0 78.0 2.0 2.0 0.0 
146.0 7.0 3.0 16.0 12.0 0.0 0.0 15.0 14.0 0.0 0.0 0.0 0.0 50.0 1.0 0.0 9.0 0.0 0.0 1.0 0.0 2.0 0.0 0.0 0.0 0.0 1.0 0.0 0.0 5.0 0.0 5.0 2.0 2.0 0.0 0.0 0.0 0.0 0.0 7.0 0.0 0.0 0.0 7.0 4.0 0.0 0.0 0.0 
447.0 25.0 11.0 8.0 31.0 0.0 5.0 42.0 26.0 2.0 3.0 0.0 6.0 87.0 1.0 0.0 26.0 2.0 0.0 26.0 11.0 21.0 0.0 0.0 0.0 7.0 14.0 0.0 2.0 22.0 6.0 11.0 10.0 12.0 2.0 0.0 0.0 3.0 0.0 18.0 9.0 0.0 0.0 25.0 22.0 0.0 0.0 0.0 
430.0 19.0 7.0 30.0 37.0 0.0 11.0 48.0 29.0 0.0 0.0 0.0 0.0 124.0 0.0 0.0 21.0 0.0 0.0 6.0 4.0 12.0 0.0 0.0 1.0 4.0 9.0 0.0 0.0 27.0 6.0 10.0 4.0 1.0 0.0 1.0 2.0 2.0 0.0 6.0 8.0 0.0 0.0 29.0 20.0 0.0 1.0 0.0 
369.0 12.0 3.0 17.0 35.0 0.0 5.0 46.0 24.0 1.0 0.0 0.0 7.0 94.0 0.0 0.0 18.0 0.0 4.0 9.0 5.0 5.0 0.0 2.0 1.0 0.0 7.0 0.0 0.0 9.0 8.0 6.0 3.0 2.0 0.0 0.0 0.0 2.0 0.0 13.0 0.0 0.0 0.0 19.0 20.0 0.0 1.0 0.0 
101.0 3.0 3.0 1.0 10.0 1.0 0.0 8.0 11.0 1.0 0.0 0.0 2.0 35.0 0.0 0.0 2.0 0.0 1.0 3.0 1.0 1.0 0.0 0.0 0.0 0.0 2.0 0.0 0.0 1.0 2.0 2.0 0.0 6.0 0.0 0.0 0.0 0.0 0.0 2.0 3.0 0.0 0.0 6.0 4.0 0.0 0.0 0.0 
1313.0 90.0 29.0 37.0 113.0 0.0 15.0 119.0 99.0 4.0 3.0 0.0 7.0 240.0 6.0 0.0 63.0 0.0 15.0 63.0 24.0 40.0 1.0 0.0 12.0 0.0 43.0 0.0 5.0 83.0 34.0 15.0 21.0 35.0 2.0 10.0 0.0 6.0 0.0 42.0 0.0 0.0 0.0 62.0 57.0 0.0 0.0 0.0 
288.0 15.0 3.0 17.0 24.0 0.0 2.0 32.0 18.0 1.0 0.0 0.0 1.0 110.0 1.0 0.0 11.0 0.0 0.0 3.0 4.0 3.0 0.0 0.0 0.0 1.0 6.0 0.0 0.0 14.0 3.0 5.0 7.0 0.0 0.0 2.0 0.0 2.0 0.0 6.0 6.0 0.0 0.0 19.0 10.0 0.0 2.0 0.0 
764.0 68.0 17.0 7.0 75.0 0.0 16.0 89.0 47.0 1.0 4.0 0.0 7.0 194.0 8.0 0.0 21.0 0.0 0.0 29.0 6.0 37.0 1.0 3.0 6.0 11.0 17.0 0.0 10.0 26.0 12.0 13.0 17.0 24.0 2.0 1.0 1.0 5.0 0.0 17.0 16.0 0.0 0.0 52.0 18.0 0.0 0.0 0.0 
109.0 0.0 1.0 7.0 9.0 0.0 5.0 8.0 6.0 0.0 0.0 0.0 0.0 29.0 0.0 0.0 12.0 0.0 0.0 1.0 2.0 2.0 0.0 0.0 2.0 0.0 3.0 0.0 0.0 11.0 0.0 2.0 0.0 0.0 0.0 1.0 0.0 1.0 0.0 2.0 0.0 0.0 0.0 4.0 2.0 0.0 0.0 0.0 
127.0 9.0 2.0 0.0 15.0 0.0 0.0 16.0 10.0 0.0 2.0 0.0 0.0 46.0 1.0 0.0 10.0 0.0 0.0 0.0 2.0 2.0 0.0 0.0 0.0 0.0 0.0 0.0 0.0 6.0 0.0 5.0 1.0 1.0 0.0 0.0 0.0 0.0 0.0 6.0 4.0 0.0 0.0 4.0 4.0 0.0 0.0 0.0 
1163.0 47.0 26.0 31.0 109.0 1.0 19.0 127.0 69.0 1.0 2.0 0.0 17.0 240.0 5.0 0.0 57.0 1.0 14.0 61.0 16.0 38.0 0.0 1.0 7.0 0.0 25.0 1.0 13.0 60.0 26.0 22.0 8.0 21.0 1.0 3.0 0.0 4.0 0.0 27.0 1.0 1.0 0.0 85.0 53.0 0.0 6.0 0.0 
488.0 31.0 7.0 9.0 39.0 0.0 6.0 52.0 28.0 2.0 2.0 0.0 4.0 130.0 5.0 0.0 23.0 0.0 0.0 16.0 6.0 29.0 0.0 0.0 2.0 10.0 7.0 0.0 5.0 16.0 11.0 6.0 10.0 16.0 1.0 2.0 0.0 1.0 0.0 8.0 15.0 3.0 0.0 36.0 17.0 0.0 1.0 0.0 
734.0 35.0 14.0 84.0 58.0 0.0 18.0 66.0 49.0 1.0 11.0 0.0 3.0 183.0 1.0 0.0 36.0 0.0 0.0 6.0 10.0 20.0 1.0 0.0 3.0 2.0 14.0 0.0 0.0 33.0 10.0 9.0 7.0 7.0 4.0 2.0 0.0 1.0 0.0 15.0 7.0 0.0 0.0 35.0 29.0 0.0 14.0 0.0 
139.0 4.0 2.0 2.0 10.0 0.0 4.0 15.0 18.0 0.0 0.0 0.0 3.0 39.0 1.0 0.0 12.0 0.0 0.0 0.0 2.0 0.0 0.0 0.0 1.0 0.0 2.0 0.0 0.0 5.0 1.0 3.0 1.0 6.0 0.0 1.0 0.0 0.0 0.0 4.0 0.0 0.0 0.0 7.0 6.0 0.0 0.0 0.0 
1019.0 38.0 22.0 16.0 93.0 0.0 18.0 115.0 73.0 3.0 0.0 0.0 33.0 283.0 2.0 0.0 106.0 0.0 7.0 0.0 13.0 11.0 0.0 0.0 6.0 0.0 21.0 0.0 10.0 2.0 20.0 11.0 4.0 15.0 2.0 2.0 0.0 1.0 0.0 55.0 0.0 0.0 0.0 41.0 34.0 0.0 12.0 0.0 
644.0 36.0 5.0 64.0 62.0 0.0 9.0 67.0 37.0 0.0 0.0 0.0 0.0 121.0 3.0 0.0 51.0 0.0 0.0 11.0 5.0 23.0 0.0 0.0 6.0 5.0 16.0 0.0 4.0 54.0 8.0 7.0 6.0 3.0 4.0 4.0 0.0 1.0 0.0 24.0 9.0 0.0 0.0 38.0 26.0 0.0 4.0 0.0 
1026.0 68.0 30.0 30.0 99.0 0.0 5.0 111.0 52.0 5.0 2.0 0.0 16.0 227.0 0.0 0.0 68.0 1.0 0.0 41.0 9.0 33.0 5.0 0.0 2.0 9.0 30.0 0.0 8.0 50.0 19.0 22.0 21.0 22.0 6.0 10.0 0.0 3.0 0.0 27.0 15.0 2.0 0.0 54.0 51.0 0.0 0.0 0.0 
540.0 30.0 13.0 8.0 50.0 2.0 10.0 58.0 42.0 2.0 0.0 0.0 5.0 105.0 3.0 0.0 24.0 0.0 2.0 20.0 6.0 22.0 1.0 3.0 2.0 0.0 13.0 0.0 3.0 7.0 14.0 7.0 24.0 26.0 9.0 1.0 0.0 0.0 0.0 20.0 1.0 0.0 0.0 27.0 19.0 1.0 0.0 0.0 
234.0 11.0 2.0 15.0 20.0 1.0 11.0 22.0 19.0 0.0 0.0 0.0 1.0 58.0 4.0 0.0 14.0 0.0 0.0 3.0 2.0 8.0 0.0 0.0 0.0 1.0 2.0 0.0 1.0 7.0 3.0 6.0 3.0 5.0 1.0 1.0 0.0 0.0 0.0 8.0 3.0 0.0 0.0 10.0 14.0 0.0 1.0 0.0 
245.0 11.0 3.0 3.0 22.0 0.0 0.0 24.0 10.0 0.0 0.0 0.0 1.0 76.0 2.0 0.0 14.0 0.0 0.0 8.0 3.0 7.0 0.0 1.0 2.0 2.0 7.0 0.0 2.0 17.0 9.0 7.0 2.0 4.0 0.0 0.0 0.0 2.0 0.0 9.0 6.0 0.0 0.0 16.0 4.0 0.0 1.0 0.0 
155.0 3.0 2.0 2.0 17.0 0.0 0.0 19.0 7.0 1.0 0.0 0.0 0.0 47.0 3.0 0.0 9.0 0.0 0.0 7.0 0.0 7.0 0.0 0.0 0.0 2.0 2.0 0.0 2.0 5.0 1.0 1.0 3.0 7.0 1.0 1.0 0.0 0.0 0.0 4.0 6.0 0.0 0.0 9.0 5.0 0.0 0.0 0.0 
981.0 60.0 14.0 20.0 67.0 0.0 7.0 109.0 83.0 4.0 5.0 0.0 8.0 244.0 7.0 0.0 55.0 0.0 0.0 34.0 28.0 31.0 4.0 0.0 4.0 9.0 18.0 0.0 1.0 30.0 27.0 17.0 20.0 36.0 3.0 6.0 0.0 2.0 0.0 24.0 18.0 1.0 0.0 55.0 47.0 0.0 3.0 0.0 
941.0 57.0 15.0 9.0 91.0 2.0 7.0 104.0 65.0 7.0 1.0 0.0 10.0 216.0 3.0 0.0 51.0 2.0 0.0 33.0 29.0 41.0 2.0 1.0 2.0 7.0 23.0 0.0 2.0 70.0 16.0 18.0 12.0 10.0 7.0 6.0 0.0 3.0 0.0 18.0 15.0 0.0 0.0 50.0 40.0 0.0 2.0 0.0 
491.0 30.0 10.0 4.0 52.0 0.0 20.0 55.0 39.0 0.0 3.0 0.0 4.0 107.0 2.0 0.0 32.0 0.0 0.0 1.0 8.0 22.0 0.0 0.0 7.0 0.0 15.0 0.0 2.0 30.0 14.0 13.0 5.0 1.0 0.0 2.0 0.0 2.0 0.0 14.0 0.0 0.0 0.0 18.0 20.0 0.0 0.0 0.0 
106.0 4.0 0.0 1.0 4.0 0.0 9.0 7.0 7.0 0.0 0.0 0.0 2.0 32.0 0.0 0.0 5.0 0.0 0.0 6.0 3.0 2.0 0.0 0.0 0.0 0.0 5.0 0.0 0.0 3.0 0.0 2.0 2.0 4.0 0.0 0.0 0.0 1.0 0.0 2.0 4.0 0.0 0.0 8.0 2.0 0.0 0.0 0.0 
2182.0 133.0 32.0 127.0 191.0 2.0 42.0 250.0 167.0 8.0 4.0 0.0 39.0 439.0 5.0 0.0 145.0 1.0 11.0 50.0 35.0 85.0 3.0 0.0 8.0 0.0 45.0 0.0 6.0 55.0 44.0 23.0 28.0 52.0 6.0 6.0 1.0 5.0 0.0 52.0 0.0 3.0 1.0 127.0 114.0 1.0 0.0 0.0 
1445.0 108.0 22.0 68.0 156.0 1.0 10.0 186.0 129.0 2.0 1.0 0.0 2.0 323.0 7.0 0.0 109.0 0.0 0.0 37.0 21.0 50.0 0.0 1.0 12.0 12.0 30.0 0.0 8.0 92.0 37.0 20.0 9.0 14.0 8.0 4.0 0.0 2.0 0.0 31.0 15.0 0.0 0.0 83.0 30.0 0.0 2.0 0.0 
1257.0 69.0 18.0 10.0 116.0 3.0 14.0 144.0 60.0 4.0 6.0 0.0 14.0 223.0 5.0 0.0 70.0 1.0 9.0 66.0 15.0 60.0 5.0 1.0 6.0 0.0 40.0 0.0 4.0 66.0 29.0 27.0 15.0 29.0 5.0 8.0 0.0 11.0 0.0 39.0 0.0 1.0 0.0 49.0 68.0 0.0 1.0 0.0 
183.0 5.0 4.0 7.0 10.0 0.0 4.0 21.0 16.0 0.0 0.0 0.0 0.0 49.0 0.0 0.0 9.0 0.0 0.0 6.0 6.0 9.0 0.0 1.0 0.0 0.0 6.0 0.0 0.0 3.0 3.0 7.0 4.0 6.0 0.0 0.0 0.0 0.0 0.0 5.0 5.0 0.0 0.0 10.0 5.0 0.0 0.0 0.0 
107.0 7.0 4.0 9.0 10.0 0.0 0.0 14.0 9.0 1.0 0.0 0.0 0.0 34.0 1.0 0.0 6.0 0.0 0.0 0.0 2.0 1.0 0.0 1.0 0.0 0.0 1.0 0.0 0.0 7.0 1.0 1.0 2.0 1.0 0.0 0.0 0.0 0.0 0.0 0.0 0.0 0.0 0.0 8.0 3.0 0.0 0.0 0.0 
999.0 62.0 34.0 5.0 78.0 3.0 31.0 95.0 82.0 3.0 3.0 0.0 4.0 197.0 1.0 0.0 42.0 0.0 0.0 41.0 20.0 74.0 3.0 0.0 2.0 6.0 24.0 0.0 9.0 38.0 28.0 12.0 31.0 26.0 4.0 7.0 0.0 7.0 0.0 31.0 1.0 4.0 0.0 49.0 51.0 0.0 9.0 0.0 
956.0 47.0 23.0 10.0 94.0 5.0 26.0 100.0 61.0 2.0 3.0 0.0 17.0 156.0 3.0 0.0 44.0 3.0 2.0 72.0 13.0 60.0 1.0 0.0 4.0 0.0 33.0 0.0 8.0 23.0 11.0 9.0 25.0 41.0 1.0 7.0 0.0 7.0 0.0 36.0 0.0 0.0 0.0 46.0 26.0 0.0 1.0 0.0 
921.0 34.0 16.0 34.0 61.0 0.0 19.0 90.0 69.0 5.0 4.0 0.0 13.0 231.0 3.0 0.0 59.0 0.0 0.0 17.0 8.0 29.0 1.0 1.0 3.0 0.0 19.0 0.0 3.0 9.0 10.0 14.0 20.0 29.0 6.0 7.0 0.0 0.0 0.0 32.0 0.0 2.0 0.0 39.0 68.0 1.0 4.0 0.0 
1268.0 62.0 29.0 24.0 129.0 2.0 12.0 144.0 80.0 3.0 1.0 1.0 9.0 218.0 4.0 0.0 62.0 1.0 4.0 59.0 13.0 52.0 2.0 0.0 5.0 0.0 40.0 0.0 4.0 66.0 26.0 19.0 34.0 29.0 8.0 8.0 2.0 14.0 0.0 34.0 0.0 1.0 0.0 50.0 68.0 0.0 2.0 0.0 
489.0 15.0 13.0 27.0 38.0 0.0 16.0 54.0 44.0 1.0 0.0 0.0 1.0 131.0 4.0 0.0 26.0 0.0 0.0 8.0 6.0 11.0 0.0 1.0 3.0 3.0 10.0 0.0 1.0 21.0 8.0 16.0 1.0 10.0 3.0 3.0 0.0 0.0 0.0 9.0 7.0 0.0 0.0 24.0 17.0 0.0 0.0 0.0 
505.0 21.0 9.0 19.0 53.0 0.0 9.0 53.0 36.0 1.0 1.0 0.0 7.0 119.0 5.0 0.0 23.0 0.0 0.0 15.0 5.0 13.0 1.0 1.0 2.0 0.0 10.0 0.0 3.0 29.0 12.0 4.0 2.0 12.0 2.0 1.0 0.0 4.0 0.0 17.0 0.0 0.0 0.0 26.0 28.0 0.0 0.0 0.0 
552.0 36.0 14.0 21.0 49.0 2.0 11.0 58.0 30.0 4.0 1.0 0.0 5.0 133.0 3.0 0.0 20.0 0.0 5.0 27.0 5.0 18.0 0.0 0.0 3.0 0.0 10.0 0.0 11.0 16.0 11.0 13.0 11.0 23.0 1.0 2.0 0.0 4.0 0.0 9.0 0.0 3.0 0.0 37.0 16.0 0.0 1.0 0.0 
1222.0 69.0 35.0 12.0 127.0 0.0 8.0 153.0 98.0 7.0 2.0 0.0 18.0 242.0 2.0 0.0 68.0 2.0 0.0 31.0 21.0 76.0 6.0 0.0 6.0 3.0 27.0 0.0 4.0 50.0 24.0 41.0 13.0 26.0 3.0 5.0 0.0 11.0 0.0 31.0 4.0 3.0 0.0 52.0 61.0 0.0 1.0 0.0 
1083.0 55.0 21.0 19.0 139.0 2.0 21.0 118.0 63.0 0.0 4.0 0.0 16.0 169.0 3.0 0.0 69.0 7.0 1.0 75.0 10.0 59.0 1.0 0.0 2.0 0.0 29.0 0.0 5.0 74.0 18.0 9.0 18.0 10.0 2.0 8.0 0.0 10.0 0.0 39.0 0.0 0.0 0.0 49.0 37.0 0.0 0.0 0.0 
654.0 36.0 8.0 7.0 56.0 1.0 14.0 63.0 51.0 5.0 0.0 0.0 7.0 144.0 1.0 0.0 22.0 0.0 0.0 38.0 9.0 29.0 2.0 0.0 2.0 0.0 20.0 0.0 6.0 29.0 12.0 13.0 16.0 23.0 2.0 1.0 0.0 7.0 0.0 27.0 0.0 0.0 0.0 31.0 18.0 0.0 4.0 0.0 
552.0 30.0 11.0 24.0 58.0 0.0 5.0 71.0 27.0 6.0 3.0 0.0 17.0 126.0 0.0 0.0 38.0 0.0 2.0 13.0 10.0 22.0 0.0 0.0 5.0 1.0 9.0 0.0 4.0 16.0 6.0 6.0 5.0 12.0 2.0 3.0 0.0 3.0 0.0 10.0 3.0 4.0 1.0 23.0 16.0 0.0 4.0 0.0 
1566.0 112.0 34.0 80.0 159.0 1.0 24.0 178.0 145.0 4.0 6.0 0.0 8.0 346.0 7.0 0.0 143.0 1.0 0.0 20.0 14.0 46.0 5.0 2.0 3.0 0.0 23.0 0.0 3.0 58.0 37.0 38.0 23.0 39.0 6.0 7.0 1.0 7.0 0.0 38.0 1.0 1.0 0.0 76.0 29.0 0.0 15.0 0.0 
1258.0 72.0 24.0 11.0 135.0 2.0 17.0 141.0 81.0 2.0 3.0 0.0 15.0 245.0 8.0 0.0 46.0 3.0 7.0 58.0 15.0 59.0 1.0 0.0 9.0 0.0 29.0 0.0 12.0 44.0 32.0 29.0 29.0 51.0 8.0 12.0 0.0 5.0 0.0 27.0 1.0 0.0 0.0 61.0 36.0 0.0 1.0 0.0 
1336.0 67.0 29.0 32.0 155.0 1.0 2.0 175.0 88.0 6.0 4.0 3.0 30.0 252.0 6.0 0.0 55.0 0.0 15.0 51.0 9.0 70.0 0.0 1.0 11.0 0.0 35.0 0.0 9.0 24.0 27.0 13.0 27.0 38.0 9.0 5.0 0.0 8.0 0.0 43.0 0.0 0.0 0.0 40.0 63.0 0.0 1.0 0.0 
655.0 33.0 9.0 27.0 65.0 1.0 3.0 57.0 40.0 1.0 1.0 0.0 4.0 116.0 10.0 0.0 37.0 0.0 3.0 31.0 14.0 24.0 1.0 0.0 9.0 8.0 14.0 0.0 5.0 33.0 12.0 9.0 20.0 26.0 0.0 4.0 0.0 7.0 0.0 27.0 10.0 0.0 0.0 38.0 27.0 0.0 0.0 0.0 
921.0 50.0 24.0 7.0 79.0 1.0 19.0 93.0 43.0 7.0 3.0 0.0 14.0 131.0 1.0 0.0 38.0 1.0 4.0 68.0 22.0 71.0 1.0 0.0 5.0 1.0 30.0 0.0 19.0 28.0 11.0 19.0 28.0 38.0 1.0 7.0 0.0 9.0 0.0 42.0 0.0 0.0 0.0 42.0 25.0 0.0 0.0 0.0 
1140.0 66.0 30.0 20.0 103.0 5.0 21.0 121.0 92.0 4.0 2.0 0.0 8.0 265.0 4.0 0.0 61.0 1.0 8.0 34.0 30.0 42.0 0.0 0.0 4.0 0.0 26.0 0.0 12.0 51.0 25.0 16.0 21.0 33.0 3.0 5.0 0.0 4.0 0.0 46.0 0.0 3.0 0.0 67.0 34.0 0.0 1.0 0.0 
781.0 57.0 14.0 19.0 73.0 1.0 26.0 76.0 77.0 3.0 2.0 0.0 7.0 139.0 1.0 0.0 55.0 2.0 0.0 21.0 3.0 47.0 2.0 0.0 3.0 0.0 21.0 0.0 2.0 12.0 14.0 8.0 29.0 21.0 6.0 7.0 0.0 8.0 0.0 22.0 0.0 0.0 0.0 34.0 36.0 4.0 11.0 0.0 
1003.0 64.0 25.0 12.0 99.0 4.0 19.0 121.0 75.0 4.0 4.0 0.0 15.0 188.0 2.0 0.0 53.0 0.0 5.0 37.0 5.0 56.0 3.0 0.0 3.0 0.0 25.0 0.0 6.0 19.0 13.0 36.0 26.0 36.0 6.0 3.0 0.0 3.0 0.0 32.0 0.0 2.0 0.0 50.0 50.0 2.0 1.0 0.0 
903.0 48.0 31.0 6.0 96.0 0.0 16.0 97.0 85.0 6.0 2.0 0.0 13.0 168.0 1.0 0.0 37.0 2.0 0.0 38.0 10.0 66.0 2.0 0.0 4.0 0.0 19.0 0.0 2.0 38.0 27.0 21.0 16.0 19.0 9.0 2.0 0.0 8.0 0.0 19.0 2.0 1.0 0.0 46.0 41.0 1.0 1.0 0.0 
1174.0 69.0 15.0 80.0 89.0 2.0 39.0 98.0 98.0 4.0 1.0 0.0 23.0 210.0 6.0 0.0 79.0 1.0 0.0 34.0 13.0 69.0 3.0 3.0 4.0 1.0 22.0 1.0 10.0 31.0 9.0 17.0 28.0 22.0 2.0 5.0 0.0 5.0 0.0 34.0 0.0 6.0 0.0 51.0 62.0 3.0 1.0 0.0 
897.0 36.0 16.0 19.0 103.0 1.0 6.0 104.0 40.0 4.0 2.0 0.0 9.0 155.0 4.0 0.0 53.0 0.0 0.0 55.0 8.0 56.0 3.0 0.0 1.0 0.0 22.0 0.0 7.0 41.0 18.0 12.0 31.0 16.0 13.0 2.0 0.0 7.0 0.0 28.0 2.0 0.0 3.0 30.0 33.0 4.0 3.0 0.0 
4283.0 217.0 70.0 104.0 471.0 10.0 33.0 473.0 279.0 11.0 8.0 0.0 31.0 829.0 1.0 0.0 305.0 3.0 0.0 117.0 62.0 209.0 5.0 1.0 18.0 15.0 101.0 0.0 22.0 220.0 65.0 96.0 45.0 64.0 21.0 13.0 0.0 37.0 0.0 175.0 21.0 4.0 0.0 182.0 324.0 5.0 6.0 0.0 
1300.0 100.0 30.0 28.0 136.0 2.0 23.0 163.0 91.0 5.0 3.0 0.0 26.0 270.0 3.0 0.0 62.0 1.0 3.0 44.0 19.0 86.0 1.0 3.0 0.0 0.0 28.0 0.0 4.0 11.0 16.0 16.0 47.0 42.0 4.0 4.0 0.0 3.0 0.0 48.0 1.0 2.0 0.0 62.0 47.0 0.0 8.0 0.0 
884.0 65.0 24.0 16.0 90.0 2.0 5.0 88.0 73.0 3.0 1.0 0.0 8.0 188.0 7.0 0.0 43.0 1.0 9.0 33.0 15.0 38.0 1.0 0.0 4.0 0.0 16.0 0.0 5.0 32.0 13.0 16.0 18.0 24.0 4.0 6.0 1.0 5.0 0.0 25.0 0.0 1.0 0.0 42.0 45.0 0.0 1.0 0.0 
908.0 61.0 30.0 4.0 83.0 5.0 26.0 95.0 55.0 5.0 6.0 0.0 11.0 162.0 1.0 0.0 46.0 0.0 0.0 34.0 15.0 65.0 1.0 0.0 4.0 0.0 24.0 0.0 6.0 24.0 29.0 27.0 38.0 30.0 1.0 9.0 0.0 4.0 0.0 24.0 0.0 4.0 2.0 46.0 34.0 0.0 3.0 0.0 
1475.0 83.0 29.0 25.0 141.0 1.0 43.0 146.0 101.0 7.0 3.0 0.0 13.0 319.0 7.0 0.0 55.0 0.0 0.0 73.0 21.0 73.0 3.0 0.0 9.0 2.0 32.0 0.0 6.0 66.0 27.0 21.0 33.0 52.0 3.0 6.0 0.0 7.0 0.0 32.0 4.0 10.0 0.0 72.0 86.0 0.0 6.0 0.0 
482.0 26.0 4.0 14.0 45.0 0.0 7.0 60.0 41.0 3.0 0.0 0.0 1.0 138.0 1.0 0.0 28.0 0.0 0.0 6.0 6.0 12.0 3.0 1.0 2.0 2.0 6.0 0.0 1.0 19.0 9.0 9.0 8.0 7.0 1.0 2.0 1.0 0.0 0.0 10.0 9.0 0.0 0.0 21.0 22.0 0.0 1.0 0.0 
754.0 42.0 15.0 21.0 78.0 1.0 8.0 92.0 53.0 1.0 0.0 0.0 9.0 154.0 2.0 0.0 40.0 2.0 5.0 22.0 15.0 32.0 0.0 0.0 3.0 2.0 19.0 0.0 6.0 29.0 16.0 6.0 11.0 16.0 3.0 5.0 0.0 3.0 0.0 22.0 7.0 0.0 0.0 33.0 33.0 0.0 1.0 0.0 
214.0 11.0 7.0 5.0 20.0 0.0 8.0 20.0 20.0 0.0 0.0 0.0 1.0 56.0 0.0 0.0 7.0 0.0 5.0 5.0 2.0 7.0 0.0 0.0 1.0 0.0 4.0 0.0 0.0 9.0 6.0 5.0 3.0 2.0 0.0 0.0 0.0 0.0 0.0 5.0 0.0 0.0 0.0 10.0 9.0 0.0 2.0 0.0 
1459.0 90.0 29.0 45.0 165.0 2.0 10.0 143.0 118.0 9.0 8.0 0.0 13.0 289.0 1.0 0.0 86.0 0.0 4.0 55.0 18.0 62.0 0.0 2.0 10.0 0.0 23.0 0.0 11.0 25.0 26.0 35.0 48.0 38.0 8.0 8.0 0.0 7.0 0.0 59.0 0.0 3.0 0.0 67.0 57.0 0.0 2.0 0.0 
1055.0 44.0 9.0 23.0 77.0 0.0 28.0 110.0 68.0 1.0 3.0 0.0 17.0 317.0 2.0 0.0 44.0 0.0 0.0 16.0 12.0 20.0 1.0 0.0 7.0 0.0 56.0 0.0 5.0 10.0 24.0 38.0 27.0 36.0 0.0 3.0 1.0 2.0 0.0 24.0 0.0 0.0 0.0 31.0 24.0 0.0 1.0 0.0 
1861.0 113.0 67.0 17.0 190.0 1.0 27.0 200.0 177.0 4.0 5.0 0.0 27.0 378.0 2.0 0.0 110.0 0.0 0.0 74.0 25.0 69.0 2.0 2.0 6.0 1.0 54.0 0.0 15.0 54.0 33.0 26.0 42.0 79.0 5.0 15.0 0.0 11.0 0.0 39.0 0.0 9.0 0.0 90.0 87.0 2.0 5.0 0.0 
837.0 66.0 30.0 18.0 64.0 3.0 9.0 81.0 57.0 1.0 0.0 0.0 7.0 158.0 12.0 0.0 33.0 1.0 0.0 35.0 9.0 70.0 0.0 1.0 4.0 2.0 21.0 0.0 5.0 35.0 21.0 9.0 18.0 28.0 3.0 11.0 0.0 14.0 0.0 30.0 5.0 8.0 0.0 45.0 39.0 0.0 0.0 0.0 
1670.0 94.0 45.0 33.0 147.0 6.0 60.0 181.0 91.0 5.0 5.0 0.0 14.0 307.0 6.0 0.0 59.0 1.0 0.0 92.0 21.0 97.0 2.0 0.0 11.0 3.0 52.0 0.0 23.0 66.0 40.0 32.0 35.0 63.0 11.0 7.0 0.0 4.0 0.0 59.0 2.0 2.0 4.0 87.0 72.0 1.0 1.0 0.0 
568.0 32.0 10.0 59.0 54.0 1.0 5.0 80.0 29.0 2.0 1.0 0.0 2.0 118.0 5.0 0.0 40.0 0.0 0.0 6.0 10.0 10.0 0.0 0.0 6.0 4.0 9.0 0.0 3.0 20.0 13.0 9.0 7.0 10.0 1.0 2.0 1.0 3.0 0.0 14.0 5.0 0.0 0.0 21.0 17.0 0.0 0.0 0.0 
1175.0 75.0 32.0 20.0 102.0 3.0 15.0 132.0 77.0 8.0 3.0 0.0 11.0 212.0 3.0 0.0 64.0 0.0 3.0 57.0 27.0 74.0 3.0 4.0 7.0 0.0 32.0 0.0 9.0 60.0 20.0 27.0 15.0 29.0 4.0 9.0 0.0 13.0 0.0 30.0 4.0 5.0 0.0 59.0 55.0 0.0 0.0 0.0 
717.0 33.0 12.0 47.0 71.0 1.0 7.0 83.0 51.0 4.0 5.0 0.0 6.0 161.0 0.0 0.0 34.0 0.0 7.0 18.0 6.0 32.0 2.0 0.0 3.0 0.0 15.0 0.0 5.0 21.0 12.0 6.0 5.0 17.0 4.0 3.0 0.0 2.0 0.0 13.0 0.0 3.0 0.0 36.0 30.0 0.0 3.0 0.0 
1066.0 84.0 24.0 9.0 94.0 3.0 11.0 108.0 83.0 4.0 2.0 0.0 14.0 220.0 7.0 0.0 66.0 1.0 8.0 34.0 11.0 51.0 2.0 2.0 2.0 0.0 26.0 0.0 10.0 42.0 32.0 24.0 11.0 33.0 6.0 4.0 0.0 11.0 0.0 29.0 0.0 0.0 1.0 52.0 21.0 0.0 0.0 0.0 
2176.0 146.0 42.0 96.0 227.0 5.0 49.0 232.0 176.0 7.0 5.0 0.0 38.0 512.0 12.0 0.0 142.0 0.0 0.0 12.0 14.0 57.0 1.0 6.0 10.0 0.0 51.0 0.0 11.0 40.0 50.0 29.0 39.0 73.0 7.0 1.0 0.0 3.0 0.0 72.0 0.0 5.0 0.0 109.0 78.0 0.0 5.0 0.0 
231.0 14.0 4.0 8.0 20.0 0.0 0.0 25.0 13.0 0.0 1.0 0.0 4.0 75.0 3.0 0.0 13.0 0.0 0.0 4.0 3.0 2.0 0.0 0.0 2.0 2.0 6.0 0.0 0.0 8.0 5.0 3.0 1.0 5.0 0.0 1.0 0.0 2.0 0.0 3.0 8.0 0.0 0.0 17.0 9.0 1.0 1.0 0.0 
1064.0 66.0 40.0 6.0 107.0 2.0 10.0 118.0 75.0 5.0 1.0 0.0 6.0 187.0 3.0 0.0 65.0 0.0 0.0 43.0 23.0 64.0 2.0 0.0 10.0 0.0 33.0 0.0 13.0 19.0 28.0 19.0 29.0 46.0 4.0 9.0 0.0 9.0 0.0 33.0 0.0 7.0 0.0 45.0 39.0 0.0 0.0 0.0 
662.0 55.0 6.0 22.0 75.0 0.0 8.0 71.0 38.0 1.0 2.0 0.0 8.0 164.0 0.0 0.0 49.0 0.0 1.0 18.0 9.0 21.0 2.0 0.0 5.0 0.0 10.0 0.0 9.0 20.0 10.0 7.0 14.0 11.0 2.0 1.0 0.0 2.0 0.0 22.0 1.0 1.0 2.0 32.0 28.0 0.0 2.0 0.0 
282.0 16.0 4.0 5.0 30.0 0.0 7.0 33.0 12.0 1.0 0.0 0.0 6.0 65.0 0.0 0.0 10.0 0.0 0.0 11.0 2.0 20.0 0.0 1.0 1.0 0.0 11.0 0.0 2.0 8.0 5.0 4.0 4.0 9.0 3.0 1.0 0.0 0.0 0.0 5.0 0.0 1.0 0.0 14.0 12.0 0.0 0.0 0.0 
476.0 32.0 11.0 21.0 40.0 1.0 4.0 57.0 50.0 1.0 1.0 0.0 7.0 121.0 1.0 0.0 27.0 0.0 0.0 13.0 4.0 13.0 1.0 0.0 2.0 3.0 8.0 0.0 3.0 11.0 12.0 9.0 7.0 13.0 1.0 4.0 0.0 1.0 0.0 10.0 12.0 4.0 1.0 23.0 15.0 0.0 1.0 0.0 
1146.0 68.0 19.0 19.0 117.0 2.0 26.0 113.0 53.0 4.0 6.0 0.0 25.0 197.0 4.0 0.0 52.0 0.0 1.0 88.0 17.0 67.0 2.0 0.0 5.0 0.0 25.0 0.0 6.0 24.0 19.0 14.0 39.0 56.0 3.0 13.0 0.0 11.0 0.0 48.0 0.0 0.0 0.0 57.0 41.0 0.0 1.0 0.0 
2809.0 175.0 97.0 46.0 281.0 9.0 30.0 339.0 247.0 14.0 7.0 0.0 37.0 522.0 0.0 0.0 209.0 2.0 0.0 59.0 25.0 184.0 6.0 0.0 15.0 0.0 64.0 0.0 22.0 31.0 55.0 41.0 80.0 80.0 27.0 22.0 1.0 13.0 0.0 80.0 6.0 3.0 0.0 74.0 104.0 15.0 23.0 0.0 
1092.0 54.0 46.0 12.0 104.0 4.0 10.0 106.0 102.0 2.0 0.0 0.0 13.0 247.0 2.0 0.0 62.0 1.0 11.0 29.0 19.0 43.0 1.0 1.0 1.0 0.0 19.0 0.0 12.0 27.0 22.0 23.0 25.0 42.0 5.0 10.0 0.0 5.0 0.0 44.0 0.0 11.0 0.0 59.0 31.0 0.0 0.0 0.0 
3575.0 214.0 60.0 199.0 303.0 6.0 41.0 382.0 300.0 11.0 16.0 0.0 17.0 889.0 9.0 0.0 251.0 0.0 58.0 36.0 33.0 97.0 4.0 3.0 8.0 0.0 45.0 0.0 14.0 119.0 82.0 61.0 41.0 106.0 13.0 14.0 3.0 11.0 0.0 74.0 0.0 1.0 0.0 177.0 85.0 1.0 42.0 0.0 
931.0 61.0 35.0 9.0 108.0 0.0 10.0 93.0 75.0 5.0 5.0 0.0 8.0 234.0 2.0 0.0 52.0 1.0 12.0 23.0 17.0 33.0 2.0 1.0 1.0 0.0 19.0 0.0 14.0 26.0 18.0 13.0 18.0 18.0 0.0 1.0 0.0 1.0 0.0 19.0 0.0 4.0 1.0 42.0 46.0 0.0 5.0 0.0 
2785.0 180.0 60.0 131.0 262.0 3.0 37.0 327.0 201.0 14.0 12.0 0.0 36.0 550.0 0.0 0.0 200.0 0.0 34.0 41.0 39.0 147.0 5.0 2.0 7.0 0.0 53.0 1.0 15.0 58.0 73.0 38.0 33.0 70.0 8.0 9.0 1.0 7.0 0.0 59.0 0.0 11.0 2.0 118.0 166.0 1.0 7.0 0.0 
959.0 57.0 19.0 9.0 102.0 0.0 27.0 103.0 52.0 5.0 3.0 0.0 12.0 169.0 3.0 0.0 36.0 0.0 0.0 61.0 2.0 62.0 0.0 1.0 2.0 2.0 21.0 0.0 8.0 41.0 23.0 20.0 21.0 40.0 2.0 8.0 0.0 8.0 0.0 27.0 0.0 7.0 0.0 60.0 31.0 0.0 1.0 0.0 
854.0 51.0 10.0 34.0 99.0 1.0 6.0 83.0 56.0 2.0 3.0 0.0 11.0 185.0 10.0 0.0 57.0 0.0 0.0 19.0 13.0 32.0 1.0 0.0 8.0 8.0 14.0 0.0 4.0 53.0 13.0 20.0 17.0 7.0 9.0 4.0 1.0 4.0 0.0 19.0 15.0 1.0 0.0 49.0 30.0 0.0 0.0 0.0 
834.0 40.0 22.0 9.0 73.0 1.0 33.0 89.0 60.0 1.0 2.0 0.0 9.0 201.0 5.0 0.0 42.0 0.0 0.0 39.0 23.0 36.0 0.0 0.0 3.0 0.0 18.0 0.0 10.0 22.0 7.0 14.0 21.0 26.0 3.0 3.0 0.0 2.0 0.0 24.0 0.0 1.0 0.0 54.0 37.0 0.0 1.0 0.0 
185.0 11.0 2.0 0.0 26.0 0.0 2.0 24.0 11.0 0.0 0.0 0.0 1.0 53.0 0.0 0.0 6.0 1.0 0.0 9.0 1.0 8.0 0.0 0.0 0.0 0.0 4.0 0.0 1.0 1.0 2.0 4.0 5.0 8.0 2.0 0.0 0.0 0.0 0.0 5.0 0.0 0.0 0.0 3.0 8.0 0.0 0.0 0.0 
864.0 52.0 22.0 12.0 80.0 4.0 8.0 85.0 60.0 3.0 2.0 0.0 9.0 169.0 7.0 0.0 59.0 0.0 0.0 29.0 15.0 48.0 0.0 1.0 1.0 6.0 26.0 1.0 3.0 38.0 26.0 10.0 15.0 32.0 3.0 5.0 0.0 9.0 0.0 29.0 7.0 0.0 0.0 54.0 31.0 0.0 5.0 0.0 
1093.0 59.0 21.0 14.0 119.0 0.0 2.0 116.0 52.0 3.0 3.0 0.0 5.0 244.0 4.0 0.0 50.0 0.0 0.0 62.0 11.0 76.0 3.0 0.0 1.0 5.0 22.0 0.0 7.0 78.0 23.0 24.0 13.0 25.0 5.0 8.0 0.0 2.0 0.0 42.0 12.0 4.0 0.0 65.0 52.0 0.0 2.0 0.0 
333.0 20.0 7.0 9.0 28.0 0.0 13.0 28.0 16.0 0.0 1.0 0.0 7.0 67.0 2.0 0.0 5.0 0.0 4.0 9.0 4.0 22.0 0.0 0.0 1.0 0.0 7.0 0.0 3.0 11.0 2.0 5.0 4.0 16.0 0.0 5.0 0.0 2.0 0.0 8.0 0.0 1.0 0.0 13.0 18.0 0.0 5.0 0.0 
199.0 5.0 3.0 8.0 18.0 0.0 7.0 24.0 14.0 2.0 0.0 0.0 1.0 56.0 0.0 0.0 12.0 0.0 0.0 3.0 3.0 7.0 0.0 0.0 1.0 0.0 3.0 0.0 0.0 7.0 1.0 0.0 3.0 2.0 1.0 1.0 0.0 1.0 0.0 6.0 0.0 0.0 0.0 9.0 13.0 0.0 0.0 0.0 
810.0 31.0 19.0 13.0 67.0 0.0 29.0 85.0 38.0 2.0 0.0 0.0 6.0 112.0 2.0 0.0 24.0 1.0 6.0 55.0 12.0 48.0 2.0 0.0 0.0 1.0 22.0 0.0 7.0 51.0 25.0 13.0 15.0 22.0 3.0 4.0 0.0 2.0 0.0 21.0 0.0 1.0 0.0 32.0 40.0 1.0 0.0 0.0 
2171.0 141.0 48.0 49.0 231.0 5.0 41.0 212.0 159.0 8.0 9.0 0.0 35.0 520.0 4.0 0.0 121.0 1.0 18.0 35.0 26.0 73.0 1.0 1.0 9.0 0.0 48.0 0.0 17.0 32.0 33.0 40.0 37.0 61.0 7.0 19.0 0.0 4.0 0.0 86.0 0.0 3.0 0.0 105.0 102.0 0.0 3.0 0.0 
922.0 65.0 19.0 10.0 71.0 2.0 32.0 94.0 49.0 0.0 0.0 0.0 15.0 163.0 2.0 0.0 35.0 3.0 0.0 62.0 12.0 78.0 0.0 0.0 8.0 0.0 22.0 0.0 17.0 33.0 18.0 18.0 37.0 26.0 1.0 5.0 0.0 9.0 0.0 36.0 1.0 7.0 1.0 47.0 12.0 0.0 1.0 0.0 
1300.0 56.0 18.0 30.0 116.0 1.0 49.0 132.0 83.0 1.0 8.0 0.0 11.0 258.0 11.0 0.0 95.0 0.0 0.0 50.0 8.0 77.0 0.0 0.0 9.0 15.0 20.0 1.0 7.0 50.0 10.0 23.0 37.0 31.0 7.0 5.0 1.0 9.0 0.0 22.0 21.0 8.0 1.0 75.0 57.0 0.0 7.0 0.0 
823.0 43.0 22.0 19.0 100.0 1.0 13.0 91.0 48.0 0.0 4.0 0.0 14.0 131.0 9.0 0.0 48.0 1.0 0.0 32.0 6.0 49.0 2.0 0.0 3.0 1.0 20.0 0.0 7.0 45.0 6.0 13.0 16.0 16.0 5.0 14.0 0.0 5.0 0.0 38.0 0.0 0.0 0.0 34.0 32.0 4.0 0.0 0.0 
1529.0 76.0 38.0 61.0 178.0 2.0 27.0 139.0 99.0 13.0 4.0 0.0 36.0 295.0 1.0 0.0 62.0 0.0 16.0 68.0 12.0 65.0 3.0 2.0 5.0 0.0 41.0 0.0 15.0 27.0 18.0 13.0 29.0 53.0 7.0 3.0 0.0 7.0 0.0 36.0 0.0 5.0 0.0 59.0 62.0 0.0 9.0 0.0 
1378.0 88.0 32.0 14.0 109.0 3.0 61.0 153.0 85.0 2.0 2.0 0.0 12.0 239.0 2.0 0.0 63.0 1.0 3.0 42.0 30.0 114.0 1.0 1.0 4.0 0.0 36.0 0.0 8.0 43.0 39.0 44.0 34.0 27.0 4.0 6.0 0.0 6.0 0.0 64.0 0.0 0.0 0.0 66.0 56.0 2.0 0.0 0.0 
636.0 24.0 18.0 10.0 59.0 1.0 28.0 70.0 40.0 3.0 2.0 0.0 8.0 115.0 3.0 0.0 48.0 0.0 0.0 26.0 8.0 28.0 0.0 2.0 6.0 4.0 6.0 0.0 5.0 44.0 11.0 13.0 2.0 6.0 2.0 7.0 1.0 3.0 0.0 21.0 10.0 0.0 0.0 38.0 30.0 0.0 1.0 0.0 
700.0 48.0 20.0 18.0 74.0 1.0 1.0 78.0 42.0 3.0 1.0 0.0 3.0 149.0 5.0 0.0 40.0 1.0 6.0 25.0 6.0 37.0 2.0 0.0 1.0 0.0 17.0 0.0 6.0 22.0 13.0 15.0 14.0 28.0 2.0 2.0 0.0 5.0 0.0 16.0 0.0 0.0 1.0 41.0 20.0 0.0 0.0 0.0 
697.0 49.0 15.0 14.0 67.0 1.0 15.0 88.0 50.0 1.0 2.0 0.0 6.0 152.0 4.0 0.0 50.0 0.0 11.0 18.0 13.0 20.0 1.0 0.0 9.0 0.0 15.0 0.0 1.0 55.0 18.0 15.0 2.0 3.0 1.0 4.0 0.0 4.0 0.0 21.0 0.0 0.0 0.0 28.0 18.0 0.0 0.0 0.0 
876.0 35.0 22.0 8.0 82.0 2.0 14.0 72.0 69.0 2.0 2.0 0.0 9.0 145.0 3.0 0.0 43.0 1.0 0.0 63.0 13.0 60.0 3.0 1.0 3.0 0.0 23.0 0.0 9.0 23.0 10.0 5.0 33.0 52.0 4.0 10.0 0.0 11.0 0.0 34.0 0.0 0.0 0.0 42.0 35.0 0.0 0.0 0.0 
2238.0 132.0 66.0 32.0 182.0 1.0 61.0 204.0 157.0 16.0 4.0 0.0 28.0 404.0 5.0 0.0 89.0 1.0 0.0 102.0 46.0 157.0 4.0 1.0 12.0 4.0 46.0 1.0 25.0 75.0 52.0 54.0 58.0 78.0 14.0 26.0 2.0 5.0 0.0 87.0 4.0 20.0 6.0 79.0 82.0 7.0 2.0 0.0 
885.0 66.0 17.0 29.0 95.0 0.0 7.0 110.0 60.0 6.0 3.0 0.0 9.0 167.0 4.0 0.0 58.0 0.0 0.0 35.0 12.0 46.0 0.0 1.0 5.0 6.0 23.0 0.0 9.0 25.0 16.0 14.0 18.0 24.0 5.0 2.0 0.0 10.0 0.0 23.0 10.0 1.0 0.0 42.0 33.0 0.0 1.0 0.0 
496.0 24.0 6.0 26.0 30.0 1.0 7.0 49.0 21.0 3.0 0.0 0.0 9.0 110.0 3.0 0.0 22.0 0.0 0.0 21.0 11.0 23.0 1.0 0.0 1.0 7.0 19.0 1.0 4.0 17.0 7.0 9.0 6.0 19.0 1.0 6.0 0.0 3.0 0.0 14.0 10.0 0.0 0.0 31.0 20.0 0.0 0.0 0.0 
323.0 14.0 6.0 13.0 28.0 0.0 2.0 32.0 18.0 0.0 0.0 0.0 0.0 97.0 1.0 0.0 12.0 2.0 3.0 12.0 8.0 9.0 0.0 0.0 0.0 0.0 5.0 0.0 2.0 6.0 4.0 7.0 4.0 18.0 0.0 2.0 0.0 2.0 0.0 6.0 1.0 0.0 0.0 19.0 14.0 0.0 0.0 0.0 
788.0 53.0 19.0 17.0 77.0 1.0 23.0 100.0 47.0 2.0 1.0 0.0 18.0 182.0 1.0 0.0 18.0 0.0 6.0 30.0 8.0 41.0 2.0 1.0 13.0 0.0 25.0 0.0 7.0 13.0 21.0 15.0 2.0 29.0 1.0 2.0 0.0 1.0 0.0 18.0 1.0 1.0 0.0 41.0 24.0 0.0 0.0 0.0 
260.0 10.0 3.0 4.0 23.0 0.0 8.0 20.0 11.0 1.0 0.0 0.0 6.0 53.0 0.0 0.0 15.0 0.0 0.0 12.0 2.0 20.0 0.0 0.0 2.0 0.0 11.0 0.0 2.0 8.0 5.0 3.0 5.0 10.0 0.0 1.0 0.0 5.0 0.0 10.0 0.0 1.0 0.0 12.0 4.0 0.0 2.0 0.0 
580.0 37.0 8.0 22.0 52.0 2.0 3.0 69.0 51.0 3.0 0.0 0.0 7.0 165.0 2.0 0.0 37.0 0.0 0.0 6.0 8.0 22.0 0.0 1.0 1.0 5.0 8.0 0.0 0.0 13.0 16.0 10.0 6.0 16.0 4.0 7.0 1.0 1.0 0.0 14.0 11.0 0.0 0.0 25.0 13.0 0.0 1.0 0.0 
883.0 45.0 15.0 34.0 87.0 1.0 14.0 104.0 83.0 3.0 3.0 0.0 7.0 178.0 1.0 0.0 55.0 0.0 0.0 23.0 10.0 46.0 1.0 0.0 6.0 0.0 20.0 0.0 3.0 36.0 15.0 20.0 10.0 21.0 5.0 0.0 0.0 5.0 0.0 24.0 0.0 0.0 0.0 48.0 51.0 0.0 0.0 0.0 
839.0 46.0 23.0 19.0 82.0 0.0 10.0 102.0 65.0 0.0 1.0 0.0 20.0 182.0 4.0 0.0 56.0 0.0 0.0 21.0 7.0 33.0 0.0 0.0 10.0 0.0 27.0 0.0 2.0 11.0 15.0 11.0 14.0 19.0 4.0 2.0 0.0 6.0 0.0 31.0 0.0 0.0 0.0 36.0 46.0 0.0 0.0 0.0 
551.0 35.0 9.0 12.0 64.0 0.0 4.0 61.0 35.0 2.0 0.0 0.0 10.0 127.0 3.0 0.0 27.0 2.0 0.0 17.0 11.0 33.0 0.0 1.0 0.0 0.0 13.0 0.0 1.0 7.0 7.0 7.0 10.0 21.0 3.0 2.0 0.0 1.0 0.0 16.0 0.0 0.0 0.0 23.0 40.0 0.0 1.0 0.0 
1327.0 82.0 33.0 5.0 105.0 3.0 18.0 139.0 87.0 2.0 7.0 0.0 14.0 233.0 4.0 0.0 76.0 2.0 7.0 77.0 20.0 70.0 0.0 0.0 11.0 0.0 29.0 0.0 9.0 55.0 26.0 25.0 32.0 44.0 3.0 9.0 0.0 6.0 0.0 51.0 1.0 8.0 0.0 71.0 68.0 0.0 2.0 0.0 
813.0 58.0 16.0 33.0 80.0 1.0 6.0 79.0 60.0 3.0 5.0 0.0 13.0 180.0 2.0 0.0 51.0 0.0 5.0 24.0 9.0 38.0 3.0 1.0 1.0 0.0 16.0 0.0 9.0 17.0 9.0 12.0 18.0 21.0 4.0 3.0 0.0 1.0 0.0 14.0 0.0 2.0 0.0 54.0 33.0 1.0 2.0 0.0 
1141.0 76.0 28.0 41.0 120.0 0.0 7.0 107.0 80.0 14.0 1.0 0.0 10.0 172.0 1.0 0.0 62.0 3.0 16.0 52.0 11.0 48.0 4.0 0.0 8.0 0.0 44.0 0.0 11.0 24.0 27.0 23.0 32.0 44.0 5.0 2.0 0.0 7.0 0.0 30.0 0.0 1.0 1.0 46.0 53.0 0.0 1.0 0.0 
996.0 55.0 20.0 32.0 93.0 0.0 21.0 99.0 58.0 4.0 1.0 0.0 10.0 198.0 4.0 0.0 61.0 0.0 0.0 40.0 16.0 45.0 2.0 1.0 12.0 14.0 24.0 0.0 7.0 31.0 22.0 11.0 32.0 31.0 6.0 6.0 0.0 3.0 0.0 26.0 17.0 1.0 0.0 57.0 37.0 2.0 0.0 0.0 
686.0 31.0 7.0 20.0 73.0 2.0 14.0 75.0 39.0 2.0 2.0 0.0 9.0 167.0 8.0 0.0 51.0 0.0 0.0 18.0 7.0 20.0 0.0 1.0 4.0 4.0 15.0 0.0 1.0 24.0 11.0 16.0 7.0 18.0 2.0 2.0 0.0 1.0 0.0 13.0 6.0 1.0 0.0 35.0 35.0 0.0 0.0 0.0 
1003.0 59.0 16.0 18.0 87.0 0.0 34.0 111.0 76.0 1.0 1.0 0.0 11.0 256.0 2.0 0.0 52.0 0.0 0.0 26.0 19.0 51.0 1.0 1.0 5.0 3.0 18.0 0.0 9.0 15.0 24.0 19.0 28.0 15.0 0.0 3.0 1.0 4.0 0.0 25.0 17.0 1.0 0.0 37.0 41.0 2.0 6.0 0.0 
473.0 34.0 11.0 5.0 43.0 1.0 5.0 53.0 28.0 1.0 0.0 0.0 10.0 111.0 0.0 0.0 32.0 0.0 1.0 7.0 14.0 16.0 0.0 0.0 2.0 0.0 12.0 0.0 3.0 15.0 10.0 15.0 6.0 14.0 3.0 2.0 0.0 2.0 0.0 18.0 0.0 6.0 0.0 14.0 12.0 0.0 4.0 0.0 
930.0 47.0 33.0 6.0 104.0 5.0 6.0 97.0 54.0 2.0 0.0 0.0 13.0 171.0 8.0 0.0 52.0 1.0 0.0 44.0 19.0 69.0 3.0 0.0 2.0 4.0 16.0 0.0 6.0 31.0 21.0 21.0 21.0 44.0 3.0 4.0 0.0 9.0 0.0 28.0 7.0 2.0 0.0 58.0 30.0 0.0 6.0 0.0 
343.0 7.0 5.0 4.0 24.0 0.0 9.0 28.0 20.0 0.0 0.0 0.0 3.0 116.0 0.0 0.0 12.0 0.0 0.0 12.0 4.0 13.0 0.0 1.0 1.0 7.0 8.0 0.0 3.0 3.0 7.0 5.0 7.0 25.0 0.0 1.0 0.0 1.0 0.0 12.0 11.0 0.0 1.0 27.0 5.0 0.0 0.0 0.0 
665.0 43.0 12.0 16.0 58.0 3.0 20.0 65.0 38.0 2.0 1.0 0.0 12.0 115.0 11.0 0.0 20.0 2.0 1.0 26.0 6.0 55.0 1.0 0.0 6.0 0.0 24.0 0.0 11.0 29.0 12.0 12.0 12.0 13.0 3.0 10.0 0.0 3.0 0.0 15.0 1.0 3.0 3.0 32.0 17.0 0.0 2.0 0.0 
640.0 42.0 8.0 23.0 57.0 2.0 9.0 78.0 57.0 3.0 0.0 0.0 7.0 179.0 2.0 0.0 41.0 0.0 0.0 6.0 9.0 22.0 0.0 1.0 2.0 6.0 8.0 0.0 0.0 14.0 16.0 13.0 6.0 17.0 5.0 7.0 1.0 1.0 0.0 15.0 11.0 0.0 0.0 26.0 16.0 0.0 2.0 0.0 
466.0 26.0 8.0 12.0 33.0 0.0 7.0 55.0 48.0 0.0 0.0 0.0 3.0 134.0 1.0 0.0 31.0 0.0 0.0 6.0 15.0 18.0 1.0 1.0 1.0 1.0 10.0 0.0 0.0 24.0 7.0 9.0 1.0 6.0 2.0 5.0 1.0 3.0 0.0 9.0 17.0 0.0 0.0 27.0 12.0 0.0 0.0 0.0 
1145.0 80.0 29.0 28.0 112.0 2.0 11.0 130.0 93.0 4.0 5.0 0.0 20.0 232.0 4.0 0.0 47.0 0.0 12.0 19.0 11.0 64.0 2.0 2.0 7.0 2.0 23.0 0.0 6.0 27.0 26.0 34.0 5.0 35.0 16.0 6.0 1.0 1.0 0.0 40.0 0.0 1.0 0.0 49.0 68.0 4.0 0.0 0.0 
837.0 51.0 16.0 15.0 68.0 2.0 12.0 84.0 54.0 2.0 2.0 0.0 3.0 218.0 7.0 0.0 31.0 0.0 0.0 45.0 21.0 41.0 2.0 2.0 3.0 12.0 11.0 0.0 1.0 36.0 13.0 14.0 10.0 39.0 0.0 4.0 0.0 6.0 0.0 27.0 22.0 1.0 0.0 76.0 33.0 1.0 0.0 0.0 
888.0 50.0 22.0 6.0 88.0 2.0 13.0 80.0 53.0 2.0 2.0 0.0 11.0 143.0 0.0 0.0 43.0 2.0 1.0 66.0 20.0 61.0 5.0 0.0 4.0 0.0 39.0 0.0 11.0 10.0 10.0 12.0 33.0 46.0 1.0 3.0 0.0 8.0 0.0 40.0 0.0 0.0 0.0 52.0 22.0 1.0 0.0 0.0 
1239.0 76.0 36.0 40.0 130.0 1.0 7.0 136.0 89.0 4.0 9.0 0.0 13.0 281.0 8.0 0.0 56.0 1.0 12.0 36.0 22.0 63.0 0.0 0.0 5.0 0.0 24.0 0.0 10.0 44.0 15.0 22.0 9.0 36.0 7.0 3.0 0.0 7.0 0.0 44.0 0.0 1.0 0.0 61.0 61.0 0.0 0.0 0.0 
1953.0 102.0 39.0 27.0 177.0 3.0 47.0 190.0 110.0 8.0 13.0 0.0 23.0 346.0 0.0 0.0 137.0 0.0 16.0 98.0 50.0 75.0 0.0 0.0 6.0 0.0 54.0 1.0 17.0 134.0 31.0 41.0 16.0 26.0 3.0 22.0 0.0 17.0 0.0 68.0 1.0 4.0 3.0 93.0 103.0 0.0 9.0 0.0 
984.0 57.0 11.0 15.0 87.0 6.0 25.0 104.0 49.0 5.0 5.0 0.0 12.0 167.0 1.0 0.0 27.0 2.0 4.0 57.0 16.0 41.0 3.0 0.0 8.0 0.0 22.0 0.0 9.0 32.0 17.0 20.0 22.0 55.0 5.0 6.0 0.0 13.0 0.0 32.0 0.0 1.0 0.0 55.0 47.0 0.0 0.0 0.0 
661.0 30.0 13.0 14.0 69.0 0.0 6.0 75.0 47.0 0.0 5.0 0.0 5.0 162.0 1.0 0.0 24.0 0.0 10.0 18.0 12.0 26.0 0.0 0.0 5.0 0.0 22.0 1.0 3.0 41.0 10.0 14.0 6.0 5.0 0.0 1.0 0.0 5.0 0.0 20.0 0.0 0.0 2.0 29.0 27.0 0.0 0.0 0.0 
671.0 55.0 19.0 26.0 60.0 1.0 42.0 52.0 55.0 4.0 3.0 0.0 5.0 92.0 3.0 0.0 20.0 0.0 2.0 45.0 15.0 51.0 4.0 0.0 1.0 0.0 14.0 0.0 5.0 64.0 13.0 11.0 7.0 4.0 1.0 0.0 0.0 2.0 0.0 23.0 0.0 0.0 0.0 44.0 16.0 0.0 3.0 0.0 
1521.0 74.0 36.0 16.0 139.0 5.0 37.0 186.0 90.0 1.0 4.0 0.0 16.0 310.0 2.0 0.0 62.0 0.0 0.0 77.0 30.0 95.0 4.0 0.0 6.0 11.0 44.0 0.0 7.0 94.0 18.0 49.0 16.0 23.0 5.0 8.0 0.0 13.0 0.0 33.0 22.0 2.0 0.0 98.0 62.0 1.0 3.0 0.0 
812.0 32.0 13.0 7.0 90.0 2.0 13.0 86.0 52.0 2.0 5.0 0.0 9.0 140.0 8.0 0.0 51.0 0.0 4.0 40.0 11.0 53.0 2.0 0.0 4.0 0.0 21.0 0.0 3.0 40.0 12.0 8.0 18.0 13.0 3.0 2.0 0.0 10.0 0.0 29.0 0.0 0.0 0.0 36.0 42.0 0.0 1.0 0.0 
