-0.3147974206557234
-0.5893182933974054
-0.6534198107717172
-0.7653745035169603
-0.49353713631861895
-0.6437222259567601
-0.6540169574686912
-0.5086022624558186
-0.6528027174869395
-0.2986907166014692
-0.6387744691718658
-0.6243303053711182
-0.6540750691674295
-0.5846711958903046
-0.18705777859229283
-0.36968046375037544
-0.6172107213542894
-0.6491274185558155
-0.6446860627536681
-0.6624562140357211
-0.6656812066193725
-0.25478839112382595
-0.4009238856292686
-0.5825555746945278
-0.6037023154535838
-0.2568898758053386
-0.43806675460559175
-0.4710036636007776
-0.6502400627567142
-0.8423560977844918
-0.6444667377473433
-0.7476623153023421
-0.6532100070586642
-0.3225384715181175
-0.588230872815388
-0.6520555787097495
-0.5688792231870978
-0.6535070025608408
-0.6079464950652632
-0.6540850719887216
-0.6971179396272102
-0.6420854550133095
-0.5653461582233315
-0.5250138321152147
-0.6257005293116413
-0.6098176782419754
-0.6520749350383916
-0.5328132498575937
-0.20454283448504995
-0.5904815597728916
-0.5747644964123744
-0.6503200766874923
-0.6152287094822851
-0.6490042837516236
-0.49966047912988937
-0.4672101625505105
-0.5978046539691069
-0.7418635725356648
-0.4290117930064168
-0.6525794181119657
-0.6383673832962893
-0.6471914424466267
-0.652720691807638
-0.43433285083679307
-0.6427170605415969
-0.3871827039713984
-0.3378873995227549
-0.6884182308360378
-0.213967718385795
-0.6453514641121085
-0.6534843100424672
-0.1306697481871232
-0.6508085560410725
-0.3843259534869216
-0.653342016621247
-0.4096829228623364
-0.5257544041440183
-0.6199403350185073
-0.537949541028829
-0.41348955237720386
-0.5672103161452672
-0.6257860607001564
-0.5533892587749726
-0.7161277677063942
-0.2433706383214305
-0.572766278660449
-0.4619872937802426
-0.12411581820209786
-0.40719581449280223
-0.6540639478865542
-0.5611018695106484
-0.6203724652416416
-0.8119672414952155
-0.44766379800023415
-0.7429757541487212
-0.19419997415733734
-0.6543098872632583
-0.5824617262631442
-0.5252161675692061
-0.6087059897067945
-0.5002314992165835
-0.3375406549439791
-0.6158716289362935
-0.4891624507331024
-0.6481435480121877
-0.23061145183812204
-0.435315770405635
-0.6457090709806423
-0.6447743876116305
-0.7128828779895989
-0.13360485128030364
-0.6047603832890612
-1.0
-1.0
-0.5161070993720682
-0.6526898285200408
-0.6060663586348012
-0.6477648766602224
-0.6098917622981366
-0.6451919649884863
-0.46673821012142963
-0.561561890741694
-0.4760415802734936
-0.5325299054036978
-0.5975144405166248
-0.6535706794600913
-0.8602279184908765
-0.6534967620164538
-0.34465160303351733
-0.6728306784790322
-0.6396564318992713
-0.5222639110408694
-0.14820694817443408
-0.46452765304739524
-0.2893876862541799
-0.18256824348331718
-0.4941714637549117
-1.0
-0.4100354187490862
-0.2546123089878178
-0.382135350695762
-0.5962935625405835
-0.5953524234377832
-0.34272696627610455
-0.37912463691458376
-0.4746374097912781
-0.6969477989923104
-0.6538563299164222
-0.3780478166829754
-0.1653756222261663
-0.5940580642441126
-0.4460877307193651
-0.4596921944655739
-0.5319333462354765
-0.6533884272516883
-0.64513597234949
-0.5718873967269105
-0.2267343838677813
-0.6534995942795684
-0.6125930595139119
-0.6545962500437528
-0.5937397989671926
-0.47501400730475307
-0.7694619603450988
-0.6481127635139365
-0.28230987618786707
-0.6447175708624172
-0.3050009489453788
-0.1882911376060718
-0.24073758806829437
-0.5658846986082601
-0.6361140862025845
-0.6521843987645328
-0.395654532837654
-0.05727002150023994
-0.2273948910963395
-0.6649238821105086
-0.3523910403313094
-0.5999497079772882
-0.58929349845249
-0.45910817890762234
-0.6024411227815107
-0.6240586370069727
-0.45549390589358896
-0.4700995441834176
-0.6529792822332099
-0.5342279628896631
-0.35191002937906957
-0.6567900809028326
-0.6236138119996266
-0.6530017698518599
-0.6110305603517555
-0.3244895734897869
-0.5886420710531355
-0.6019988305608255
-0.6058998714321664
-0.5263022959300865
-0.6500597766916709
-0.5672658247479074
-0.6616114920394984
-0.643551303868259
-0.6537826605079917
-0.7184230051334537
-0.505670555769895
-0.5189788131905038
-0.6485320836995683
-0.6282588738232426
-0.6652153669074434
-0.5467254000904137
-0.4813078621836481
-0.6534373296716053
-0.22952495217328006
-0.5610362138946758
-0.5175834851584198
-0.5610026616143082
-0.34628320931974166
-0.6733669184619779
-0.7312679638236613
-0.4685675958429971
-0.39700956806490484
-0.009359304026161516
-0.5939951350704519
-0.5407852136893067
-0.5648769634748352
-0.46525099652636176
-0.6537011082535247
-0.6521478550901897
-0.5229302178061446
-0.5121722639412033
-0.21951419834467306
-0.645267270773266
-0.6106768313949215
-0.4366513397688309
-0.6424011858788492
-0.6392916074283148
-0.4909004794710382
-0.4138804867222739
-0.6533552715392292
-0.6508776234559074
-0.6535853707604884
-0.6693054165810347
-0.24917531873799356
-0.6512097491437414
-0.4859838012829419
-0.6516885230100399
-0.6484945154071475
-1.0
-0.4118931566657554
-0.8123698316355039
-0.3910126544506409
-0.5013192336596588
-0.6214472450999201
-0.6536444797267109
-0.6669187804869838
-0.6537880352436196
-0.33249900572756347
-0.5629780959953803
-0.5021981505862787
-0.4570220688764154
-0.42711362527176067
-0.44740796588955795
-0.12263281477232026
-0.7925532984701463
-0.11041977680685626
-0.5246599991812331
-0.18272839557786116
-0.5871597602640619
-0.642312162433582
-0.44202486049247725
-0.5860032500033386
-0.6521353948962614
-0.3864145742564042
-0.25068278765755636
-0.5686995585916066
-0.07970631653978638
-0.5448150857905762
-0.5344271715489658
-0.46993085739261775
-0.26932066678146405
-0.5366059852852025
-0.20474030121354225
-0.5742408091792987
-0.6112331051842159
-0.8365476661204135
-0.6453512491307268
-0.6529809398628077
-0.6016599253965877
-0.25849521018765126
-0.4305488338948563
-0.27283207321353764
-0.4199919853938444
-0.6487237044750938
-0.6405952867965725
-0.5879164460842854
-0.6219621595775977
-0.5950183244383539
-0.6322050023743854
-0.65353588533405
-0.6535163780294229
-0.45746875296883033
-0.5869183993720021
-0.2372749282912311
-0.4942523400332596
-0.7031531285210215
-0.866856859935784
-0.7034350465923828
-0.6215028881848652
-0.3450314388336097
-0.6544725658793955
-0.12323102145666781
-1.0
-0.508039292782257
-0.616835119261385
-0.6786519336655269
-0.6532717317525035
-0.46867448541466916
-0.6157803070239054
-0.9195927497098708
-0.6246440074799575
-0.5592927902781848
-0.7589865518728088
-0.631903053442131
-0.14172715548433593
-0.6496942471377735
-0.5495069282677711
-0.6537366875395214
-0.40734998364813324
-1.0
-0.5562880838372269
-0.5531113291771436
-0.2195377397694902
-0.3522656795674328
-0.3570859213257739
-0.5685278076849862
-0.34306754743458745
-0.6544005545694442
-0.4804109639381363
-0.4943386158229739
-0.39803142449943785
-0.2704181144035645
-0.6423422307202187
-0.6278244088001614
-0.5951628142608687
-0.4017473802864318
-0.7199712079088307
-0.43594362374710227
-0.5816926591768913
-0.40179352246414246
-0.5710749448746189
-0.6536337861996094
-1.0
-0.6467594892412312
-0.6588847843494845
-0.6364246776888511
-0.50729821820037
-0.42975799846041324
-1.0
-0.47410027956834194
-0.5218310626996685
-0.2846976477180201
-0.649798197312699
-0.5134905127413785
-0.483075154946551
-0.08949664705117957
-0.46455496716733086
-0.6534987754927518
-0.6280616620817384
-0.5333495864738887
-0.33628308928629286
-0.4371488276067813
-0.6613374189166543
-0.5062373839807286
-0.4316683197152625
-0.5996851496065573
-0.6524121472208921
-0.8005759383979715
-0.42392291175007196
-0.5855237812070262
-0.7474207924739781
-0.6535471602656742
-0.6262967865345995
-0.5563318163752551
-0.6534722563583173
-0.6362337081810716
-0.6325696345151804
-0.37875659750346646
-0.5231779119964491
-1.0
-0.3960784074687329
-0.36141151511742514
-0.7676143068270429
-0.6539737483752084
-0.855762143422891
-0.655720536647383
-0.6535529899308936
-0.2684259733661577
-0.5066887821223632
-0.5420397263030101
-0.1881059080604902
-0.4472413092787699
-0.4654525133981592
-0.36940516727612627
-0.508230231671064
-0.5896255624245016
-0.4318800599322215
-0.48095186319863
-0.2249304726971606
-0.43394354474974683
-0.5753446093090236
-0.6059826909929841
-0.47729233139829463
-0.42317587238531523
-0.5094955413899733
-0.6240491528459732
-0.2508991622753086
-0.4297656520029319
-0.6418166086666428
-0.3082198371112307
-0.5970512268382252
-0.6535530425282046
-0.6075940611296546
-0.409873984970209
-0.6496146106504977
-0.3469672405889554
-0.5325534482965303
-0.16483607541668796
-0.2846648840938369
-0.6244812891246705
-0.6255992752912136
-0.6211066689502228
-0.39125714579896625
-0.2544469574388233
-0.4091680584054042
-0.1659651646918227
-0.4149187857288915
-0.6541800414831367
-0.489842084006506
-0.3049230366066289
-0.3010928444365062
-0.5387086786933347
-0.5201798183761965
-0.39862940031376165
-0.5716054718264176
-0.3884719780457688
-0.5222070651759025
-0.460189049646843
-0.46869598920299627
-0.6509805796235005
-0.62683120441766
-0.6284539596830429
-0.3257397202176301
-0.3122285459193904
-0.016019547485286813
-0.5595080841453635
-0.5233054352684123
-0.6368625760983164
-0.6072966442781998
-0.610038060000089
-0.5810035775449534
-1.0
-0.2622918212569787
-0.6446486148226223
-0.5523330379508967
-0.2533790241656687
-0.6174782938793488
-0.5885736608145299
-0.5700561434065649
-0.6506539246840675
-0.5998587332005767
-0.5361134244266916
-0.43132256328365315
-0.47103027379994833
-0.6535005262774184
-0.5121297640578449
-0.616013965202906
-0.5797345922807727
-0.653445248220754
-0.6346234654887787
-0.37208094871415587
-0.4615974658019787
-0.2730644857551362
-0.272661356746924
-0.5835674636435184
-1.0
-0.5726707075531329
-0.32127378504012605
-0.2864991432491424
-0.3636459817226315
-0.49308558970232386
-0.653648119442901
-0.5862203663854368
-0.47342235995077364
-0.5590737754711943
-0.4561375662928686
-0.45947967601827067
-0.3249575510008847
-0.4844388065609769
-0.537000406665717
-0.4645466917347134
-0.6533612522129195
-0.6404014964811469
-0.5294280970908106
-0.5120888638125183
-0.20756354247120185
-0.6547330310698403
-0.6396420498659606
-0.3966031881516826
-0.2780714700885568
-0.3673988187747105
-0.5099501685914455
-0.5769868274512927
-0.6427183245768775
-0.6542498255110281
-0.5432840357148676
-0.6197506390782913
-0.09481172601889881
-0.6162923746809015
-0.1852279745201655
-0.5894021851307389
-0.5573123732544445
-0.5324599247588553
-0.5837422767936574
-0.11939355785110597
-0.6441728942703528
-0.5213056613531908
-0.653238649123783
-0.4088837590682285
-0.43139408789951555
-0.602804467161682
-0.0707694616554409
-0.40881356241735456
-0.567951149494574
-0.6768768672241204
-0.5796128471968935
-0.6153286092716369
-0.6318035086993732
-0.33498293441726845
-0.5832331912882791
-0.6532142612173966
-0.6535653383091433
-0.31805946608301416
-0.658287841730779
-0.2250102818138468
-0.6586033346856599
-0.6354017642580982
-0.4191698685552017
-0.5338711913298791
-0.679750941274525
-0.49532265888958654
-0.6228534692134904
-0.6328429514496225
-0.6878709334970977
-0.5847763091048096
-0.8282834303527857
-0.5111462235231461
-0.6510057532032489
-0.11143845698357764
-0.6903828711854687
-0.06885621826726339
-0.6509899731929911
-0.3384855090720874
-0.7374544336419897
-0.6417283797536062
-0.579102936534281
-0.5703420484601026
-0.35842628820957434
-0.6033611095519127
-0.5879921367171752
-0.5360105890867632
-0.6453234717796559
-0.6535166349789492
-0.5924270329976187
-0.4056130531675115
-0.04661421246440136
-0.1491758175848299
-0.4627026217565281
-0.65351466836863
-0.9048341117464878
-0.6160483411452353
-0.6617614965546781
-0.6912727899533782
-0.653609454236679
-0.19146587972261075
-0.2664485479943619
-0.6650856934753857
-0.5366106290338457
-0.865405955792519
-0.6699997186586127
-0.6005186180869935
-0.5572345084089967
-0.456177392749781
-0.6437589363207296
-0.49575244053244705
-0.42791555842844975
-0.6121433844610841
-0.5486989558160376
-0.4871229518992314
-0.6531365768057231
-0.48166755011942997
-0.5767637497500727
-0.7772409793630379
-0.3657361392752192
-0.6150647692123807
-0.43751135203912095
-0.6468165430317785
-0.42704052781712765
-0.7799105269953489
-0.38469150222567844
-0.8864386430482055
-0.37217227208755554
-0.22322329868558533
-0.600454197635966
-0.5493495744779738
-0.6289822409132322
-0.5249723682336409
-0.5293818782754617
-0.635921934703998
-0.9212991524579175
-0.6201473413630381
-0.6357525172127894
-0.6535869781070769
-0.5738029127304923
-0.23970303990668396
-0.330020203685192
-0.653444709318484
-0.4260407964677631
-0.20134844252774736
-0.5925463369115731
-0.24473849943428222
-0.6524020296369474
-0.628057285623288
-0.3776009519338437
-0.6452317064825461
-0.4161791025591411
-0.5993121050380706
-0.33928850806411487
-0.5938488953312159
-0.6457838994379602
-0.5172976234242004
-0.4426761118427205
-0.6512893850737811
-0.6324035124951597
-0.4697804886692699
-0.23515048924189624
-0.5334842444433568
-0.21191237243395422
-0.6430675184954442
-0.5380371708948225
-0.5578888603511775
-0.6535275094090491
-0.7306424906342893
-0.21744731762125874
-0.7399945446600252
-0.5465960557849118
-0.3436597628817959
-0.6634244491839207
-0.653351875080805
-0.6531803145950075
-0.6442007069275708
-0.5129459061056593
-0.3853332953551689
-0.08001844746162746
-0.6482525500455845
-0.647376925784333
-0.5601042961334355
-1.0
-0.6827617506697572
-0.8815286265376465
-0.49386667976456927
-0.36928089962470073
-0.6540512633687977
-0.3442342830905527
-0.24413635615216275
-0.5263211867016144
-0.33582927087191927
-0.7059130103516235
-0.3448023758640586
-0.6644204834328769
-0.49094937104454145
-0.6263297422372074
-0.7533923283657751
-0.43687432318624186
-0.6502740839800529
-0.6507277382251105
-0.6598583636327087
-0.9177276376373985
-0.5579016129466075
-0.46825863518590105
-0.6488366159201642
-0.6316612513049581
-0.5340495432751217
-0.57436234624217
-0.24315448490733105
-0.6535624840935994
-1.0
-0.39430812957314176
-0.39453120264602975
-0.6043008915640228
-0.532465664725545
-0.4094739513467913
-0.6535095514883613
-0.6012868885402753
-0.4234971624243651
-0.559192211790988
-0.5192718347271619
-0.5918935296575288
-0.3088738848699052
-0.5811987290636647
-0.6175837020149546
-0.5451539063762686
-0.19679209682904827
-0.6344525914068544
-0.1958808450935762
-0.6538094464206288
-0.5344616958732415
-0.584922527477103
-0.238993411870094
-0.6413190701673838
-0.6268425898321894
-0.6554428568028048
-0.6174694287802867
-0.22536946461748972
-0.5150215102417667
-0.6535456887945482
-0.6769031173291775
-0.6594521316453782
-0.5219725291461997
-0.6695978945004504
-0.4280585856316718
-0.6759620421960102
-0.45557723096951586
-0.6259310563100258
-0.672595951888365
-0.5878100808020362
-0.6532671650414738
-0.5676476574848749
-0.46934016959015434
-0.36864966080517986
-0.7512695687677309
-0.5427935396068302
-0.6267296583874693
-0.793000424227764
-0.24665635008253733
-1.0
-0.7405527073735767
-0.6534411949445313
-0.6694166223204338
-0.3370862875191515
-0.40289910929994593
-0.6508621338706004
-0.6106590176886177
-0.40651110646575384
-0.49508065784513117
-0.5389061595643352
-0.46202669668623203
-0.623360060691329
-0.6451806379346404
-0.6108381814987682
-0.3027846092026014
-0.6799239329468305
-0.315695039296357
-0.5134090334884299
-0.311660009042263
-0.5315689838413121
-0.29721973652080147
-0.30189326737538197
-0.6498190565533305
-0.6510806317250897
-0.495003596177642
-0.5927471692361749
-0.21905642138757536
-0.6394957471869565
-0.41915346754600913
-0.3721732353138951
-0.5920026833762756
-0.6535818327596634
-0.5349557335077464
-0.6205624088653197
-0.4337200768546054
-0.6506314872674351
-0.564524387961424
-0.5643211477781767
-0.5877708198617576
-0.6265664770243741
-0.8975003842973127
-0.9843073945857064
-0.1603224208502239
-0.4149842168217992
-0.5666001443310513
-0.651231720897138
-0.3030080253583183
-0.6535332547373472
-0.7455858330637108
-0.4849067429441592
-0.5900933847734877
-0.6533339906327986
-0.6463752378471568
-0.2151950059908457
-0.0227509613860713
-0.6516552588948604
-0.5038379351974887
-0.3777148608310599
-0.43842335011422184
-1.0
-0.8727651883395636
-0.5743020059929251
-0.621938733638744
-0.588209755389667
-0.7747360245474864
-0.4107593653059327
-0.5237396672957723
-0.633662451467993
-0.35178951685419335
-0.5693565912492936
-0.253727452196643
-0.3790312901396989
-0.6407765396958541
-0.2733953722598209
-0.6504313122617991
-0.6525896115932572
-0.6431458754785594
-0.3687411841498591
-0.5303393869707044
-0.3764355387516895
-0.8344493735072787
-0.6366911310173922
-0.5143294403300079
-0.6877474912521847
-0.4286700306686617
-0.5686053968141953
-0.24455461561675929
-0.7222942742021854
-0.33698777890017806
-0.24037113987220032
-0.6529921171634707
-0.43293989023836954
-0.2780131558869553
-0.5988364926716776
-0.3615081190631736
-0.24258662086521762
-0.6013895845078909
-0.4057857507670609
-0.688308740631687
-0.6432045922790925
-0.648300012443905
-0.6173095124082647
-0.6527418694872412
-0.5546750578964348
-0.6503194480463927
-1.0
-0.2707156947344773
-0.9511400204082991
-0.3425190632813905
-0.5154255874263747
-0.5083476097370003
-0.11542407285749869
-0.23539569131313595
-0.6628284505957838
-0.4507154643007584
-0.7061209633521116
-0.47702615594289766
-0.20732110482593358
-0.5863738705142101
-0.2288347758066485
-0.6535916677099958
-0.8256132236846868
-0.07553104370725969
-0.8132735210272457
-0.5720186538429857
-0.6566963428856708
-0.3254214767775447
-0.6591139603805284
-0.14840772328872345
-0.7822100653244093
-0.6509169874417347
-0.36926115581807795
-0.4588040503736368
-0.472842500181473
-0.4795567823509877
-0.23681557083180063
-0.7478464495621246
-0.6522924994682169
-0.7629713615934977
-0.3561298766031874
-0.6213040274979927
-0.34047584491200444
-0.5537044134322343
-0.5743442592355277
-0.38327628951219883
-0.55220458476302
-0.6353306600511107
-0.5454856760194307
-0.6225078933386736
-0.785976419897412
-0.32425336219363105
-0.6114701730651053
-0.6504813139121273
-0.6459498313093501
-0.39749551709935177
-0.391528066573556
-0.561218168975008
-0.4972359176934589
-0.6601363912507251
-0.6514059714132094
-0.5935015369539484
-0.4177467936758944
-0.5025585686444238
-0.6480376363835105
-0.15191442893558585
-0.423654690399688
-0.4863792573097365
-0.1998555949244548
-1.0
-0.6033617486679395
-0.5579476967714176
-0.6514006101737758
-0.4462769134604502
-0.6100478619287497
-0.6495571606010697
-0.2265740627826823
-0.5357789552564696
-0.6153482297738184
-0.7273703694945342
-0.4571181906039027
-0.5397426764650628
-0.6763653930860951
-0.6462729671414067
-0.6015809798670875
-0.40329383172169775
-0.3862726457106867
-0.6433947795750279
-0.6531513614602129
-0.6896995828739012
-0.6164007389290014
-0.5347054160120321
-0.8416910698730806
-0.5860144922161414
-0.534193713093177
-0.6467824850803335
-0.5831506122527206
-0.6322020498864787
-0.6113194945811038
-0.2138741584298295
-0.5075299450411584
-0.07575481863605242
-0.6417281209756047
-0.6271483847337468
-0.43745912069983617
-0.3599583434709275
-0.6653377689270384
-0.06992203470158434
-0.643522194100747
-0.5408117159969953
-0.7042467803851546
-0.6006306359080409
-0.6517608825579989
-0.653472290194397
-0.6534223372678724
-0.42383617929023565
-0.7858957297930801
-0.6318734563859719
-0.6205098780205662
-0.2802503906296296
-0.3167946807694213
-0.5467282581511947
-0.7398345663972137
-0.4913475510883128
-0.6931886271784337
-0.1532747769543826
-0.7795384615269227
-0.3413458262741196
-0.33396484088388334
-0.6478533223362148
-0.7655391985971773
-0.29894098186189144
-0.648961156159797
-0.5579615999277112
-0.21827144600269127
-0.6513992921301629
-0.11423232561229235
-0.5788678289714013
-0.6535101963509162
-0.6566558277078361
-0.43847584737336875
-0.5727002734646898
-0.4879469957156497
-0.3382935792909744
-0.21787922822602232
-0.3111900469959172
-0.7490137795484904
-0.5990734810288978
-0.45035121555823854
-0.6404557729475557
-0.7153241927800557
-0.22882942317518887
-0.26417332466982635
-0.6522909271911643
-0.7257072044842757
-0.2915411833726622
-0.4863306087165006
-0.23744359689854055
-0.5644640200242297
-0.5566699781450533
-0.30204026215821533
-0.697910125506805
-0.4817523875840548
-0.4296041109649924
-0.5553144264920558
-0.7762281714057003
-0.6428397457758128
-0.6490880336181024
-0.51518106464631
-0.4844444502163414
-0.4152900333162478
-1.0
-0.35102801575567044
-0.49757832054457213
-0.5657313564524599
-0.6442864047381597
-0.2848277044620887
-0.5783971883906098
-0.22785179463531688
-0.4717758493039442
-0.4474763892056608
-0.8786370654329352
-0.18212790621334016
-0.47992512278686705
-0.5767471149935526
-0.5923462006334812
-0.6352235665340629
-0.9640379069314524
-0.9767403915052825
-0.564528250456739
-0.5702632358060775
-0.5507008847634393
-0.6322386954605288
-0.545943250264123
-0.5262806292785099
-0.2746228574052683
-0.12193621755948111
-0.19270962423055157
-0.5622218438836795
-0.6482294379714612
-0.6440378923651888
-0.1476444038950537
-0.42898960829896904
-0.40844492374187097
-0.2852057752010969
-0.5375342644991157
-0.8297718052167066
-0.6096401262658696
-0.6722265418524385
-0.6437064712485652
-0.6121156606696391
-0.1961330320017118
-0.6501871985851461
-0.9264966085660848
-1.0
-0.4249226853768813
-0.12378320981910572
-0.741906448970976
-0.03072810571867171
-0.28198500089487916
-0.6666199133714967
-0.6058003886412076
-0.601955039406554
-1.0
-0.6535235710762167
-0.3664353845568942
-0.32577983717407266
-0.5939014955337942
-0.5762663709738046
-0.5865775223798608
-0.43339367857329647
-0.9124101594959326
-0.5245564385087532
-0.6507902473700267
-0.33425296736141596
-0.10003004277110915
-0.32687578972367615
-0.3450299319496529
-0.5932614141216715
-0.5567222590489587
-0.36719959516366674
-0.6428562299317104
-0.3499252284166561
-0.6533671985676048
-0.017881966617033465
-0.49299696335947285
-0.49775045152678676
-0.3805771529603217
-0.42918999133515523
-1.0
-0.5594845321163375
-0.22771780715048584
-0.6531028309528795
-0.6086601751210924
-0.654744859647805
-0.5263917515984378
-0.5739424144637901
-0.6125983187852618
-0.2981653350947344
-0.2763942884420351
-0.44399562205442134
-0.6531575121704625
-0.3556215963395219
-0.6544362413334972
-0.7520438907042544
-0.37645662746569397
-0.28749938496446104
-0.4790526449599877
-0.5610162290402328
-0.4785002174398853
-0.5074727945384407
-0.6509225681706909
-0.6260770006534946
-0.5313997099275523
-0.34509089285552463
-0.16537246892850344
-0.21381852881429675
-0.31850870090631317
-0.6095662849562395
-0.653953063088209
-0.24179750723560067
-0.6628755271479421
-0.5379462466211484
-0.48967515578225884
-0.5429772639115938
-0.4316878206850181
-0.44224922369478387
-0.652874884116284
-0.45856263676574816
-0.5225335528068809
-0.7002197988760421
-0.09922961975287843
-0.27627257534338656
-0.4819669529604757
-0.6332891018020771
-0.5939683238962368
-0.5429437943968956
-0.664864116080784
-0.3800574771123558
-0.6472357438145865
-0.5049540103682248
-0.17580977886055307
-0.5165226399251858
-0.6561005246209497
-0.6501263823388491
-0.36484387797145884
-0.6536487534581104
-0.6428961823095808
-0.5600261966828686
-0.5442388901186823
-0.504559908975288
-0.3868495907607189
-0.4928105802673403
-0.5065663686298261
-0.46527870233748836
-0.4518635662710211
-0.6478162575693859
-0.38537000874102845
-0.31487042608637245
-0.4195178965825931
-0.6591025619057361
-0.6545704016541973
-0.5215854462787836
-0.4304474761798941
-0.7515375700985587
-0.6981439596392347
-0.4003270623477712
-0.4957101348937899
-0.7589640324290838
-0.6348788597571169
-0.642306425973708
-0.13744460213457516
-0.3479562155119915
-0.6533388458829597
-1.0
-0.8425681655075303
-0.10305418191117942
-0.5506192817004841
-0.4927794522413429
-0.34693010697224713
-0.46958295955262536
-0.5531241574048242
-0.604433122482329
-0.47418288214596604
-0.17170827659142077
-0.3564239276168185
-0.6540684760640787
-0.43092162499248954
-0.39767146478793175
-0.6534904105503331
-0.33021376198878144
-0.3456333706033783
-0.6532130126966533
-0.6535493756099297
-0.1698163180232438
-0.5887716886341002
-0.6720820337834718
-0.38303758048591496
-0.5668175579453067
-0.6522549042950079
-0.4876227395631215
-0.4787875210946602
-0.40741384815305576
-0.3502748815289321
-0.5034819276524485
-0.5228249744107228
-0.8114144645920937
-0.6533042115023415
-0.6021374039975828
-0.3352716656541883
-0.48311349426219036
-0.49206901276191634
-0.30372786615041375
-0.5263319255150779
-0.48639476627591627
-0.575495123604344
-0.6015294699739935
-0.6144997872273542
-0.6103328590992488
-0.29421804459207795
-0.5354012160229671
-0.6502558844115504
-0.5812615392722629
-0.6418184494361276
-0.6534135531345563
-0.5098078215871894
-0.646616198615295
-0.3273411134706929
-0.5659987271091371
-0.35519933497899275
-0.5045277360068021
-0.5115686888169331
-0.8265173694339698
-0.18288605111554568
-0.604139417538144
-0.6540863602530436
-0.4364133262224837
-0.6536522582669281
-1.0
-0.6486082510843554
-0.5509788398033754
-0.5384509563295741
-0.269420751891197
-0.527983229017814
-0.3437077076569002
-0.6385443506292483
-0.63920335609331
-0.11579610359108036
-0.17388940712141202
-0.09578777003962549
-0.20674617956408933
-1.0
-0.974339372400421
-0.6626769212104966
-0.6377456557031994
-0.6441916614129699
-0.8219577755184999
-0.5583104785510401
-0.5948356014967227
-0.5862219784618705
-0.10438710823102776
-0.28596007592487116
-0.5103028813087438
-0.6535073166858443
-0.6253145435903392
-0.13955443325513084
-0.6054279482214182
-0.34551867478356424
-0.6256685827413577
-0.6750388203655837
-0.3055854428992786
-0.4321166437679521
-0.31971554125417173
-0.6241067325564443
-0.6489692877485098
-0.38152189221045496
-1.0
-0.5542030042546598
-0.6293589719945143
-0.5900998582183159
-0.6536321082127476
-0.5755959913679516
-0.5217643662320073
-0.4553239177837064
-0.5762828166662615
-0.4598190873001621
-0.6033473910635805
-0.6536038019901476
-0.649792085964173
-0.22346342456081375
-0.6379425232157868
-0.5995717155754349
-0.3745961343193801
-1.0
-0.5413199388907455
-0.670990247011964
-0.3639604266930007
-0.58890633190041
-0.5761813481608582
-0.7503108433630127
-0.35349096921104617
-1.0
-0.6349422094023085
-0.4233705564458997
-0.23756474212569925
-0.5434648251575536
-0.29271158024082317
-0.08166407458351173
-0.4314511008843026
-0.5411394411409753
-0.24550640318798497
-0.06746836989095778
-0.18575239605475838
-0.2656152855485795
-0.5763514159323404
-0.6492998148117032
-0.6346859242943115
-0.6123823213747306
-0.5820950106366505
-0.491434561685351
-0.011066854362670242
-0.11043230557480875
-0.18112050355922862
-0.9379515989206271
-0.5880247807018456
-0.5662976499445821
-0.5878289937261639
-0.5441720327565657
-0.579307436003095
-0.6534706268755359
-0.42215659482747825
-0.5608881617297649
-0.29460450714070685
-0.3102480095549082
-0.367451527567202
-0.6359797738773076
-0.4457441993791552
-0.47702196870224856
-0.5985879642467715
-0.6535837120605759
-0.9479768461357264
-0.5091880416530173
-0.27652286835851986
-0.3450722442596492
-0.6541323802920361
-0.4318099687787035
-0.437234737535923
-0.5277338383158203
-0.48497512017047567
-0.653506021073976
-0.1516288209419596
-0.6228560028699937
-0.762417546528524
-0.508493322778465
-0.6021050053303013
-0.625563011108846
-0.944190909507072
-0.6530816068064453
-0.6540073302608536
-0.6344543255707038
-0.6448763951749659
-0.645719131346288
-0.5352340770367211
-0.6548099136119958
-0.2778339070880971
-0.497605176246011
-0.6544304889248627
-0.5574676688877227
-0.6181858841229242
-0.5923420570045627
-0.21868333358743458
-0.5239045948554719
-0.5756089548200398
-0.6357997323507378
-0.3782668136368082
-0.4975433876766709
-0.33447852429626534
-0.6300989257295249
-0.6243473573806441
-0.6080275074616264
-0.5184747570270299
-0.41432202891862624
-0.6750233673854065
-0.5472188801865304
-0.6534131776677726
-0.09977334794151783
-0.5218525726834099
-0.6185740431320739
-0.6199860669948465
-0.6579087447522214
-0.1046139709617889
-0.31031807553709556
-0.33517689916938603
-0.39472834928556344
-0.6660574909789059
-0.3172634756501153
-0.9627567722446054
-0.4183727629842864
-0.4637607939912014
-0.632668704944752
-0.6245033185377096
-0.6429392870391147
-0.6492330015137789
-0.46216067534131877
-0.6534958097771503
-0.34504957825596383
-0.6522037482082707
-0.5625034517402635
-0.3830557722607685
-0.44333393582031355
-0.5002836489928931
-0.6100434489566586
-0.32297444950990295
-0.5992650608521617
-0.17430947919680112
-0.6536493471671094
-0.6408831535515275
-0.47479815900140115
-0.6447829205093987
-0.4392398403680852
-0.31778412318844906
-0.29838617138117957
-0.6537002213373468
-0.6196091610569142
-0.6599431620857288
-0.6457073629334402
-0.5908584893823013
-0.22566612522493823
-0.42345206204774066
-0.5726846679553574
-0.6536430891371633
-0.4337444647347669
-0.6044363206764806
-0.5534368218392803
-0.23632256967125562
-0.5871230515941865
-0.5304179885086654
-0.579239727868621
-0.6377330647082587
-0.6112573021077848
-0.3435058137355993
-0.36322771078891425
-0.6376754569639594
-0.7542862673440929
-0.6521572692901914
-0.1613800403644135
-0.6531806836485388
-0.12359200238361392
-0.40842649890921784
-0.6401661372404153
-0.6531048437699831
-0.7020249014141685
-0.4445916885116864
-0.48731399892631627
-0.48656200285167517
-0.6180036300876354
-0.5967428445117133
-0.45080130013709263
-0.6239888807955754
-0.303866157509079
-0.4683002654300972
-0.38028368844563154
-0.2991962941282772
-0.3122777655098626
-0.6491044892146041
-0.303968304402413
-0.5985471027920376
-0.10430973424557022
-0.49631228267303323
-0.6444543060192323
-0.38721307874045974
-0.574734932114579
-0.65385440797927
-0.5876097007698224
-0.6112925446799947
-0.46621495260598356
-0.653567456325776
-0.6540235620264874
-0.28560523933254306
-0.5250586196229211
-0.5401349308863042
-0.9206028828952908
-0.4035956382610938
-0.7305000570342017
-0.5007508710408612
-0.3537645588838948
-0.6361331919731331
-0.9596962603051691
-0.2992759644467172
-0.603391237322204
-0.6540565666340756
-0.5308628258640111
-0.6543534580313399
-0.6296028936064133
-0.2178687796931667
-0.6426427478242889
-0.5141744494749309
-0.3177860576578858
-0.6301618758760695
-0.20837776875941227
-0.4680049962464381
-0.31850429733894026
-0.6061206533810852
-0.6128581550175659
-0.5492035827625354
-0.09114189411832394
-0.589795952236281
-0.4639338241111882
-0.3054046641999689
-0.6425523903331434
-1.0
-0.6534950150400858
-0.650496604763766
-0.423708508672669
-0.723431608676137
-0.8515668534394066
-0.6521950986415938
-0.6347153384805724
-0.6184990961911679
-0.5558130192852198
-0.6434405513474856
-0.27650013424992165
-0.6536465285430624
-0.6445574023737181
-0.8109198956547801
-0.7262492566014551
-0.29462460734233153
-0.5546993384502101
-0.1862825786548429
-0.5292284643384686
-0.4536639949553889
-0.49862854087463465
-0.5853205120679682
-0.4278382166972861
-0.23948083157564184
-0.3335396893494264
-0.484079751862658
-0.5179609360279828
-0.6062116240015979
-0.6003876217417731
-0.5739363357016749
-0.6366165732395015
-0.06847555423092805
-0.6524942659009383
-0.4837128094797475
-0.6532844390688164
-0.06090623601456666
-0.28283509925170963
-0.0646259015421685
-0.6012979354931797
-0.4274592123335174
-0.42355496505321183
-0.6094196880635995
-0.90322181233423
-0.22042946389791235
-0.3083139375573657
-0.4033859210582922
-0.6428270541335998
-0.5199432708244944
-0.6405467294587514
-0.6911077977840427
-0.6406788176856952
-1.0
-0.6467243711902783
-0.6484082751887654
-0.925637576952871
-0.48724113247974654
-0.37564663910657964
-0.33379984330069506
-0.10001568065304843
-0.44668321728148785
-0.2243923809891668
-0.3294459874364581
-0.339784779386157
-0.6115311422835933
-0.5500897199134656
-0.562972390589706
-0.6619184232151791
-0.24595992678279494
-0.6538982132895359
-0.3253083812258717
-0.6544106906939402
-0.5955164542039411
-0.31619171012268277
-0.5781484740161666
-0.22682839531343277
-0.5805145775204466
-0.6476455470712444
-0.8073022450045704
-0.29563983679063066
-0.6662453321473291
-0.4468303590708685
-0.5919597170756128
-0.2515462687363767
-0.6308521565544163
-0.7177239344861699
-0.48387947752437455
-0.655499265851656
-0.6536710246083439
-0.6501432597990782
-0.6225080703868833
-0.43330895733207087
-0.5450900250439896
-0.46718375436195114
-1.0
-0.5480029813097003
-0.6584547687189611
-0.5443761663123178
-0.37249498359419664
-0.5096501201156959
-0.8754397537315254
-0.527097737174819
-0.6177988942867867
-0.692636059738011
-0.5383411715445443
-0.6758740601040464
-0.6010349954462924
-0.6541376719819356
-0.6529807253708958
-0.5418480620213896
-0.6651464870051531
-0.6064123781067827
-0.41955015241237986
-0.6541465300189894
-0.39775330341451565
-0.30723713056004814
-0.6498871387833605
-0.644725236248383
-0.5118340947365806
-0.5214039638931728
-0.07609311189685725
-0.6917872678217825
-0.6530676764703012
-0.505282018424464
-0.31929552856078147
-0.5529275173357323
-0.283825663001958
-0.6233711557967827
-0.63759101859857
-0.2489373779265389
-0.8505416201727256
-0.12232551634658424
-0.37797539392118196
-0.5288788037110244
-0.4356177957026139
-0.3696984576552592
-0.29520754750555933
-0.6535860301584295
-0.4498520428036711
-0.7399927607885116
-0.5595529907555308
-0.700444184637784
-0.5138528872556147
-0.6539826014332291
-0.4920844133671125
-0.6214965161556936
-0.6534606059009851
-0.6303487011810665
-0.5964527662604632
-0.47336242038303444
-0.46038687811427237
-0.6185526841504265
-0.2910811121914561
-0.5693848193998126
-0.5574348600700045
-0.8035712572627948
-0.5143681233861036
-0.5753683098289093
-0.45078602256613387
-0.46951380013172295
-0.5627131290308448
-0.45759265784422093
-0.5040227197987992
-0.04656314219578839
-0.7175113207147876
-0.6494802181967652
-0.5551779983960288
-0.29550897351865957
-0.4410159682875978
-0.2233447396223578
-0.6532774127102258
-0.003149288564075786
-0.5132834244250639
-0.6525329772188833
-0.43586361769657345
-0.6533170712904423
-0.7423153951911048
-0.470240183965828
-0.4808563383401335
-0.5469841555963927
-0.6511329354782066
-0.5102509873836227
-0.9760729054476402
-0.6184792212672162
-0.29289780325280346
-0.3213628914925408
-0.6522995651859596
-0.6874116224772744
-0.6416824885646831
-0.5459641550119481
-0.44096090805366894
-0.7997936499390337
-0.5247283639778053
-0.2983018299324649
-0.35191082143538355
-0.7600331595333591
-1.0
-0.4977408404890655
-0.6536411351794229
-0.6045764313701095
-0.6011008468915293
-0.6557216637115223
-0.6831239165623717
-0.6032752174425875
-0.6564638751215783
-0.20627795109754168
-0.643312366975788
-0.5178336208689127
-0.24221120859745932
-0.6113263683059299
-0.4154848399165427
-0.5747256567711903
-0.6517434168203728
-0.39317843865864055
-0.4875935895272886
-0.3108800858970977
-0.5939065201696269
-0.2979233954592685
-0.26260100677175174
-0.5596133697678376
-0.25472561647925646
-0.5420027365290766
-0.37152521463760957
-0.5210759149717021
-0.6128883247380744
-1.0
-0.6503783665297552
-0.817945095383289
-0.2934427496152223
-0.35454918707791383
-0.5843290372004738
-0.6300323879500311
-0.6282573659588402
-0.5501488664166736
-0.4333137098424482
-0.48487048608844185
-0.6713336040467547
-1.0
-0.42975954820321105
-0.8534435133985752
-0.6527925142673044
-0.3853590975586079
-0.3165203004720545
-0.7556946575554762
-0.6534575927442458
-0.517589130007849
-0.645115544609271
-0.6225773692637009
-0.6540111380435152
-0.653900423404015
-0.6524258799995825
-0.6535127428966864
-0.41207354307723054
-0.6051862509866207
-0.5104401796403257
-0.6534672214883541
-0.15450515484644262
-0.651926521997892
-0.6250896059006088
-0.6275675401140414
-0.46054045508729796
-0.36182833831861977
-0.2914810711605872
-0.0945949128774476
-0.29079927511737547
-0.5495310851523069
-0.2515595928362334
-0.47446330830516636
-0.2447585958294147
-0.4907548904006086
-0.15296144358279495
-0.5893775459402705
-0.6377124672977861
-0.45811578788370555
-0.644725378757197
-0.3176094982804846
-0.5814900333252203
-0.5481568977535478
-0.6256870879972405
-0.6509948874705024
-0.6534304181108166
-0.6513064472819248
-0.47200035545546826
-0.6364855413770437
-0.236934237434158
-0.43497066348064495
-0.3841254296521536
-1.0
-0.5714665868197518
-0.6762102884689903
-0.6045536906980038
-0.5825169640000805
-0.37328084518446414
-0.47416403668684126
-0.5952056322265284
-0.6465132535682298
-0.547922565274308
-0.5098205488169478
-0.36573385177898726
-0.5835247301643852
-0.597048075803651
-0.3995156774698788
-0.3684401275941582
-0.5345536805406698
-0.36317426128694663
-0.6228675779888329
-0.650161161691698
-0.655277914124316
-0.6336504115465444
-0.358690963624252
-0.6351445722850096
-0.6529205867716174
-0.4672931626540434
-0.6541176775961244
-0.5000204060209219
-0.6216461211297942
-0.3047958618429645
-0.6504109874999414
-0.64424571647453
-0.653467883327298
-0.6112370567831893
-0.3026163707271944
-0.525731061202897
-0.32521115014535573
-0.46965189890682635
-0.43948809483977586
-0.6376698639332206
-0.7100840042891312
-0.4753625559729047
-0.28630408670665897
-0.6080941379185069
-0.3237195421640629
-0.6287827067153607
-0.6140618920346352
-0.7556531592377567
-0.6979658643546147
-0.16591291002409403
-0.11722808770543224
-0.4662222941040898
-0.4888614155014153
-0.6521895173884856
-0.45560413169349634
-0.6300602112822851
-0.6853156827055722
-0.877060681367754
-0.5742442406945236
-0.4851878217751631
-0.8830386078895911
-0.23587930417298633
-0.5629869285459761
-0.5181700415745643
-0.573586386705676
-0.6534443736189735
-0.4578801246705706
-0.3052733624128773
-0.4363051232171351
-0.505726208369227
-0.6628587621098135
-0.5260368696155513
-0.644563397425383
-0.4314431567191226
-0.6230353034024565
-0.31666721103400675
-0.5490725749092996
-0.4404331730483218
-0.28168882631338454
-0.5143409137589557
-0.4108415398809937
-0.5281057649609515
-0.6533790321010318
-0.4171502374195984
-0.6402510798069395
-1.0
-0.6440965356031592
-0.6425386766015687
-0.19266004534344894
-1.0
-0.6269454276340298
-0.41126028662995306
-0.9359324640669567
-0.6356906943774583
-0.25805482516465594
-1.0
-0.602171430702453
-0.04990783322946893
-0.10744763453250059
-0.7298834659463607
-0.5128811670404444
-0.7354282084764864
-0.5178980651685483
-0.5098333697537077
-0.34152632350184786
-0.13809614663968928
-0.08409693088570133
-0.6534126112939348
-0.6677032153029202
-0.5663186046628477
-0.572788641959836
-0.6482010415126427
-0.4134284456505994
-0.9065356780837464
-0.13884153408646874
-0.6535599380701712
-0.5502131054116525
-0.7764255973222178
-0.3405494074122024
-0.44126479595673523
-0.9605664006122365
-0.41926069231574525
-0.16825396249120247
-0.6157854937725137
-0.48966341977206057
-0.6674701818411115
-0.6549719071372275
-0.10596967986933387
-0.5565280486720756
-0.5676875757554642
-0.6524767835306449
-0.2648078239611678
-0.32813566231470026
-0.6828967201029773
-0.7892652609800401
-0.7972593747973025
-0.8871639092521154
-0.6326723356161159
-0.18344941097811315
-0.48514610493495547
-0.13875620687958817
-0.5492870433123636
-0.6534338872057356
-0.4412498676144059
-0.635097153981428
-0.6256055943795485
-0.6198321495642474
-0.6388496574949337
-0.5752356996002804
-0.6461901385159379
-0.49089578618688473
-0.6534286173410955
-0.6522055022595478
-0.6586889753264937
-0.27796121520377837
-0.653587998416054
-0.708471513195223
-0.6970902864319829
-0.29615407318523895
-0.5893236595098585
-0.21354162250466882
-0.6253909038458194
-0.3836063837472004
-0.5059652685369259
-0.6533616354464634
-0.7549559181151542
-0.5967336041796101
-0.6479538837827401
-0.6499623941300353
-0.5853317791858481
-0.6236569324093899
-0.5085920611795764
-0.6535871862175291
-0.6703808496748452
-0.4909493699083973
-0.5775635955575082
-0.652924883818381
-0.1718921943126149
-0.3292428089025252
-0.5405513386801735
-0.451236393292732
-0.6533252322312622
-0.779726084915801
-0.44834075981737964
-0.2969599180298247
-0.2541218969891014
-0.6436129440388939
-0.5072530530196684
-0.6534544195261414
-0.15803771384491117
-0.7051596385006547
-0.4996709893245279
-0.6515364020817209
-0.751628772832087
-0.6535707072191614
-0.6043959890325474
-0.3444866456606535
-0.24264546500614415
-0.39376957250505146
-0.38344263439694
-0.6371746037364828
-0.21400758858572166
-0.48494400270848764
-0.652317105638748
-0.13642904089611804
-0.4150915687322703
-0.5606734281239811
-0.648856114301392
-0.5168961154149623
-0.005589845403334727
-0.8953533623937167
-0.6126661071130266
-0.5824694194262073
-0.733057130244527
-0.5422048866226606
-0.49232071035615443
-0.6538622835099677
-0.5267469478205768
-0.5564062153312899
-0.4163013716276464
-0.22953972984916043
-1.0
-0.5450600364096863
-0.5005837642660569
-0.7041644303360337
-0.5620852636268963
-0.4930746572417258
-1.0
-0.6465547359755439
-0.4061993166008707
-0.6502388494708139
-0.32584743696519586
-0.509589925843962
-0.2191488179016553
-0.5142318953300854
-0.4958898646643979
-0.6344927956068432
-0.6564678872438634
-0.04638185596277557
-0.5557102589742922
-0.5594237957278998
-0.6626252328510139
-0.7378334605890418
-0.672445370463884
-0.6301473546298868
-0.6097286541206011
-0.5757235496910931
-0.4361051065948271
-0.6526019050695508
-0.6657064884052905
-0.4601114934162586
-0.509352569040662
-0.6656756993717597
-0.46296468167429183
-0.6997231739402079
-0.25221776209900404
-0.5946912623182438
-0.37225919677833474
-0.6434158827792725
-0.737420499086807
-0.3931586745909407
-1.0
-0.5106449221293481
-0.6850941805772025
-0.47278620796431503
-0.5996244190221912
-0.6220866080886739
-0.6534706296706451
-0.7928698021103245
-0.5837408844194185
-0.9135759506371204
-0.6446669017506182
-1.0
-0.599351249172167
-0.28928989278349015
-0.15041641722925117
-0.5295555520373667
-0.747035396705171
-0.4762284677978885
-1.0
-0.2219205644963116
-0.8557457743168122
-0.6404370849578875
-0.3595317446246097
-0.2888222169982579
-0.6040990080972354
-0.6104473624092196
-0.4983506333027692
-0.5351324443920532
-0.6540372199235788
-0.7237336552961497
-0.4720401691754386
-0.43038054649846236
-0.28464845906959707
-0.7338585147822861
-0.6468309259989258
-0.6535120807684262
-0.5563164642298908
-0.8431081263272838
-0.6449823953062429
-0.351799794540777
-0.39733233493381737
-0.18698984508800623
-0.6948230158210702
-0.3137624038201552
-0.6550457045395975
-0.42529925590773143
-0.8189217670650584
-0.6403721319035438
-0.5941142832717355
-0.4630948629527777
-0.6166349314828052
-0.6488080603346853
-0.47062529955869314
-0.6079362559608689
-0.5161864205292613
-0.37151450947643955
-0.6592568193080846
-0.5834882372012153
-0.38313957023370865
-0.5968635043639823
-0.6237501094423074
-0.64926394543239
-0.3295608607287053
-0.6394260247524416
-0.5255017844198108
-0.6665545741420915
-0.2874763191879997
-0.6147471545952495
-0.533222624571654
-0.6537887665584711
-0.24077787257368466
-0.17622063514197708
-0.4711598069099005
-0.3442246974690729
-0.5464995423772552
-0.36610313949121803
-0.21400215587052215
-0.20290231712091683
-0.12647763214054467
-0.3498494206069924
-0.08898286864679601
-0.45792206654278444
-0.653488185509239
-0.29205706415925187
-0.4093735200159062
-0.3704400499596159
-0.6540711542480819
-0.5747598565613743
-0.65210070646354
-0.468235219654684
-0.6469975296817561
-0.6526081121519788
-0.6536017359792919
-0.3603559669601687
-0.6913585167427032
-0.6080098433356073
-0.9265110096589967
-0.3612508096000362
-0.5934823941144289
-0.7778429842204542
-0.515075478064996
-0.5578037918281598
-0.3368931736203417
-0.8795566530862151
-0.9098602262351632
-0.5999983884325538
-0.48975496378548533
-0.40660714276733856
-0.6531250872041064
-0.6514841530350152
-0.4689930557505295
-0.45513079441980864
-0.40602194382188317
-0.3400312511972116
-0.5193216893928654
-0.6482706525698916
-0.6451954302371276
-0.4901509981801055
-0.3385811670492507
-0.20173279167876249
-0.49818178408818264
-0.534585925594967
-0.5863797744903784
-0.5234864168523224
-0.09657629205438392
-0.6540806629132947
-0.6527506888373273
-0.7615414894642774
-0.459852709791539
-0.5602606319544381
-0.4500776507651986
-0.3680180971678003
-0.724023529003919
-0.18829209400629984
-0.8171516030212638
-0.6957068332509225
-0.35801607690351345
-0.571650855990993
-0.5981691768111204
-0.45600562536931566
-0.3586954040931735
-0.5758853814420783
-0.49038141662767853
-0.6307984267637674
-0.3181166751568327
-0.4096375957017748
-0.6192842540216618
-0.18263030543714398
-0.6574748544087908
-0.14207810652928707
-1.0
-0.6526094510150259
-0.5339053731416572
-0.1557339809041681
-0.6381704814257101
-0.6197766164975187
-0.3519245587436308
-0.6499594465678475
-0.7678609331882531
-0.6524505164068038
-0.6526264794588741
-0.6268569073459588
-0.4083882652019872
-0.47390854109042124
-0.5218785191265702
-0.4844085301435649
-0.6521020436155783
-0.3510401534674883
-0.6956847191505628
-0.5768326138984186
-0.5987131055314056
-0.6548472566065722
-0.5055247979566132
-0.6423893405850511
-0.6528127684034035
-0.5876181025448519
-0.6009825049520606
-0.0467740656645213
-0.2670070258125673
-0.6516308630616477
-1.0
-0.9527185305553016
-0.6179840210902109
-0.41075281392019103
-0.6093315767395836
-0.5576192677884968
-1.0
-0.4997881336421731
-0.6535467667207795
-0.4470876920954282
-0.6347706697458647
-0.6451957937940374
-0.45800508076097834
-0.28944314753120426
-0.5116265536699038
-0.5171428263006231
-0.4196923823225464
-0.5398068894452361
-0.6532650027183742
-0.4585861758030061
-0.43253998606488264
-0.568792922739474
-0.5021037943552985
-0.6563042352190501
-0.6531497681529124
-0.5455110707295806
-0.07007249978723339
-0.46616990104186373
-0.593979514470664
-0.6408437107729976
-0.5064388665524833
-0.2946215633247499
-0.4723507818775575
-0.6487440057918344
-0.6491780893684631
-0.3455430667621861
-1.0
-0.4099705840318007
-0.6158466492719628
-0.4627253980675627
-0.3489808924844376
-0.1429217681655839
-0.2875574842681529
-1.0
-0.40736377007485514
-0.454452085411192
-0.37281129467162294
-0.6536620131962234
-0.6353632337941785
-0.5739234907784218
-0.39745120065904943
-0.6530823428014437
-0.5177662817027239
-0.5611649166699925
-0.48799959189930175
-1.0
-0.35908357186954765
-0.4735469491027751
-0.8711017003192131
-0.3803804579530928
-0.8518449812017795
-0.631811195810589
-0.6416976245063277
-0.646578337864942
-0.6541193671933658
-0.3733771855684151
-0.3587035788541633
-0.5362643281746009
-0.5687515106174572
-0.48466417237731607
-0.8013639092316214
-0.42533843970030133
-0.8102252799809881
-0.6209479971543744
-0.41263144724747736
-0.034067413555213755
-0.1434344352342358
-0.6844068310647469
-0.4384963355959066
-0.1295603211559178
-0.42592727953348575
-0.515123857189294
-0.652587055208008
-0.310119387386562
-0.6921383790127046
-0.6300454109413329
-0.388374808927195
-0.7616864445278941
-0.3044118791742098
-0.6360640688646472
-0.516634484550566
-0.5743420648279675
-0.6141104318857376
-0.7244885017043955
-0.4481972442523774
-1.0
-0.5822028313384393
-0.5342017655403403
-0.4387290567743907
-0.6907583125815744
-0.6029833586914903
-0.5429406388452693
-0.4436155480753673
-0.6017628782418607
-0.5187537815160951
-0.3915010411819255
-0.25471873049262894
-0.5652418332271021
-0.6518009196769174
-0.9138958121322489
-1.0
-0.9277854988589581
-1.0
-0.8192849175883926
-0.49786265020638676
-0.6971362346138712
-0.8417046256462685
-1.0
-0.6542972927857541
-0.6407352794047254
-0.6518652632210028
-0.5779874926290354
-0.621953165848324
-0.545855047454789
-0.6514798080164725
-0.37139648926331653
-0.5374021474276663
-0.48188236613277974
-0.584715737434808
-0.5261234497941127
-0.5587436124055719
-0.2774004317432547
-0.512685527497992
-0.7085927258499821
-0.26924259824057684
-0.6489755279364612
-0.6549192947801243
-0.26004669017000565
-0.7370690800206188
-0.25114071650948977
-0.4419166605071766
-0.6488719027477154
-0.9545798267214254
-0.6387333373901403
-0.612228776199387
-0.22053733525147598
-0.602391322168711
-0.6535089350188327
-0.5788633459227457
-0.2576762800837566
-0.5557533632239754
-0.27558511723499224
-0.5662187325218524
-0.6345927485893974
-0.6241588098967943
-1.0
-0.2950584610526044
-0.5733094152486807
-0.5041557974008956
-0.6250944859129907
-0.4623352555947575
-0.349132273813379
-0.525806724144124
-0.6577375810277741
-0.27958840647530736
-0.43772660429195737
-0.6447054072289948
-0.6465665176239292
-0.6536724758744553
-0.557463439792523
-0.322491576298016
-0.6483346456632408
-0.586103916518739
-0.43225606949849676
-0.5301257562933009
-0.4433592631592217
-0.5918700439432824
-0.21533911570101014
-0.6390129252587846
-0.2067511455475946
-0.5632276452418133
-0.3915878168097656
-0.6382348514684433
-0.4075368536902765
-0.46360755410763255
-0.6535122356081384
-0.7477249334181465
-0.436681146055943
-0.36134921023134936
-0.5986752937215231
-0.658743333807738
-0.31507479639809044
-0.6536610859321297
-0.6655301601533428
-0.4257139621955194
-0.6703516142992381
-0.4805132194947185
-0.447973019021858
-0.5504920650202184
-0.5928523074119486
-0.6520981530062703
-0.6534799335714001
-0.7010960234328552
-0.5980383419519553
-0.45124811788183683
-0.9313879283359886
-0.5157683213757662
-0.3822426821109957
-0.5368256440419112
-1.0
-0.46562988454313403
-0.8439551972528885
-0.3934480477698578
-0.737186440461492
-0.7172495301009125
-0.09101729293141286
-0.04286978619105776
-0.5330402584308431
-0.5311152324501671
-0.38325620409833977
-0.492183737484432
-0.817779784874588
-0.41885605092668027
-0.7008035056475359
-0.5754447067918789
-0.26268821224527866
-0.6348226999772317
-0.752398915195738
-0.6490892055625471
-0.6531883771182923
-0.3384534980704783
-0.5912078448699599
-0.246479276599305
-0.5518688247071887
-0.8167986416695974
-0.5377363091059159
-0.8106237268225754
-0.4488501580399279
-0.5048483280422358
-0.6403006938207344
-0.4150699816465964
-0.5990994488041971
-0.3406464932733342
-0.5384096378901361
-0.3290212217103837
-0.9184578520598483
-0.5159157028147391
-0.8310632232679581
-0.44951252733301916
-0.40117649145822665
-0.639495869671735
-0.6539908422957829
-0.35419673199745966
-0.9401111922138508
-0.5397712370926809
-0.4265345159395918
-1.0
-0.5808462506242699
-0.6280162220269577
-0.5829221117042853
-0.6577346400611827
-0.25668355884171057
-0.555823814310263
-0.6370248463861543
-0.4376463785840649
-0.22952513236131675
-0.6136595138775227
-0.3045527678905652
-0.3291038363896642
-0.49066333619446745
-0.6092303289308239
-0.6765473578400139
-0.18829377736689798
-0.4222015854465979
-0.6540857580835429
-0.6535077818891692
-0.47618464546432643
-0.6528793058132774
-0.5150124487987979
-0.6505397414921849
-0.3432478867031912
-0.4353222370222216
-0.1868669251426468
-0.4876925647614816
-0.32899304447107197
-0.2994053290751838
-0.653723843474795
-0.5967514334970081
-0.45877008036026035
-0.2669894878870418
-0.6941729718876598
-0.6090834374873463
-0.6482475670075871
-0.4705416918199757
-0.41911826578757644
-0.11091706975080029
-0.15291862058880276
-0.5937940412713864
-0.6814701505098917
-0.36145766834627147
-0.5171970504128747
-0.46110293951625625
-0.34350899923108436
-0.6064396239591484
-0.5991777803764526
-0.7211157779467787
-0.6298469752169329
-0.3109911819861311
-0.7581383309262256
-0.4409701467656826
-0.5870389014900866
-0.3942360187351792
-0.5691302200934986
-0.7668466996948067
-0.12258018879983094
-0.431332096833721
-0.4577168698684279
-0.004737091514315146
-0.547797067877561
-0.6536503828985639
-0.5900871643364309
-0.1809629288762636
-0.6624673413773055
-0.46573232754357086
-0.46495121753972196
-0.28555517578979406
-0.7316760115178995
-0.3122365128653831
-0.4788258595834572
-0.687539613988774
-0.6018670258215727
-0.34260846122219046
-0.13662683422250324
-0.4749707160406923
-0.6434684234129653
-0.11490949445366495
-0.496613793377541
-0.24602263598994775
-0.44699376224368914
-0.6527779887850835
-0.5760193083875498
-0.3851259812381065
-0.5154140094663306
-0.7593666599567271
-0.5897037151258943
-0.5398388334885014
-0.6080682316358733
-0.6315501338665268
-0.5674791912479165
-0.1157826857385499
-0.4000249358801527
-0.6017850492761809
-0.20728865905004748
-0.6318793315404752
-0.614201712738804
-0.6369127484010368
-0.64094416490242
-0.5913537534911412
-0.5925362816236848
-0.4509309400409422
-0.3413286814888496
-0.26372761139911644
-0.6535770067530966
-0.5437066736891468
-0.3435804882278475
-0.6619965634495
-0.5166961456780034
-0.4651797760119005
-0.3452688742953356
-0.1189024632594872
-0.653604830701801
-0.43083930068510146
-0.5526383907328485
-0.6824313309460653
-0.16519619922872694
-0.6156953458797241
-0.5723712186601041
-0.32423338492121434
-0.16390747587003543
-0.5187588477712752
-0.58805598197823
-1.0
-0.5449461034485537
-0.3449023377111292
-0.6302597702851613
-0.672989621541336
-0.7416413984659725
-0.5199471919239227
-0.6247265728716821
-0.7491113831200141
-0.1227835834987005
-0.6630078888180313
-0.5323129002773604
-0.6454244957254849
-0.5522235896681301
-0.6477585370593171
-0.3057385393366171
-0.45667654640764116
-0.6535040622622414
-0.4473343493295615
-0.654128343044972
-0.32655069574929974
-0.12502138507654534
-0.6067627787722379
-0.476319580269123
-0.19778915284944282
-0.5323243264787992
-0.10471051832301367
-0.3092555193711676
-0.9585231356241644
-0.45188099289803096
-0.6879412636506066
-0.6081223284720161
-0.4791395808787511
-0.9376077629626461
-0.6133940140881908
-0.3717549518811654
-0.49382485636145496
-0.38088952719595637
-0.47627548723883745
-0.5202091472346855
-0.8563868336768689
-0.5772598655233725
-0.6483111450819489
-0.27510087501206887
-0.5108474511420247
-0.8721372593649472
-0.6285406245363344
-0.6331956288191621
-0.9056715062147916
-0.47103295421415503
-0.535732217321272
-0.4278685017336596
-0.6535501781299622
-0.4481235968600904
-0.6319662582302306
-0.458881864752296
-0.5306537926652588
-0.4102763366394948
-0.5315687927435785
-0.5757382763077403
-0.5278774170907296
-0.4927463707450882
-0.3120838747879663
-0.49866748919492887
-0.24520208001493904
-0.663169279032905
-0.6474745218833043
-0.5122436740959304
-0.5043184290166913
-0.5852488512667083
-0.566626466891722
-0.4121036350190904
-0.3491536535336054
-0.3521630330883891
-0.5737228921015609
-0.5564212634092234
-0.5905340530156515
-0.46693638117864167
-0.4178311421389029
-0.45131481643133226
-0.31949838609958336
-0.6320692222641506
-0.5519334856176411
-0.1596391723397247
-0.6401987374210447
-0.6526808068831904
-0.13027899453879163
-0.5450795387077949
-0.6462918768703703
-0.5004325615964347
-0.0036754056083188325
-0.5101904389158491
-0.6168309904005737
-0.2882739723555781
-0.5065500072053676
-0.518953618498292
-0.6610843454543252
-0.6355716329690941
-0.5579619781236411
-0.42912713584967915
-0.4927649222148901
-0.40259813718121334
-0.32172947158811366
-0.6446024097664705
-0.6387378926009559
-0.6452075030826773
-0.37739624824125206
-0.5464030161626836
-0.3414180675744661
-0.3241896243961204
-0.37781522102013754
-0.6435652773552196
-0.6143856993811686
-0.20085900844041843
-0.09198757266297936
-0.6477086877571107
-0.4244391153934732
-0.5392929908312066
-0.6130153211802053
-0.6027395353350838
-0.6536151319356228
-0.6358640291088019
-0.6535213901582096
-0.5951622445255815
-0.47609205613571115
-0.6399129400011707
-0.3387982120225916
-0.6485282775408673
-0.4588030468299833
-0.4556765555097279
-0.16995400675557115
-0.45648823846616426
-0.38480311108051196
-0.5261513489546362
-0.5893156312532258
-0.46504040655781526
-0.6153059631767628
-0.6941215700543655
-0.5779843429904701
-0.5888448836198232
-0.16828985436311528
-0.492677651207301
-0.45788274132441087
-0.2587639796059633
-0.6761946391434714
-0.5930008654087799
-0.3076978822459351
-0.11304815830176197
-0.5083424069500764
-0.5170546299791207
-0.6040119630710635
-0.33749057565504015
-0.6934196031543882
-0.3641248876783063
-0.4150048440251022
-0.6511227147091843
-1.0
-0.6535208696119686
-1.0
-0.47404441882900283
-0.6972494204404793
-0.6539369232226295
-1.0
-0.4991422369112826
-0.6568112332444958
-0.3847140507254158
-0.6467332509287455
-0.671115889024869
-0.24552570283139163
-0.5097660112106962
-0.28412360117958807
-1.0
-0.5600991843064351
-0.9632128833585119
-0.3934630887324862
-0.39671826330036375
-0.6055395705251546
-0.5409501396286408
-0.6292171658463874
-0.5631443808057608
-0.5620406207097179
-0.6270908883388704
1.0
1.0
1.0
1.0
1.0
1.0
1.0
1.0
1.0
1.0
1.0
1.0
1.0
1.0
1.0
1.0
1.0
1.0
1.0
1.0
1.0
1.0
1.0
1.0
1.0
1.0
1.0
0.9590880926215293
1.0
1.0
1.0
1.0
1.0
1.0
1.0
1.0
1.0
1.0
0.7162897325131711
1.0
1.0
1.0
1.0
1.0
1.0
1.0
1.0
1.0
1.0
1.0
1.0
1.0
1.0
1.0
1.0
1.0
1.0
1.0
1.0
1.0
1.0
1.0
1.0
1.0
1.0
1.0
1.0
1.0
1.0
1.0
1.0
1.0
1.0
1.0
1.0
0.44057867871762746
1.0
1.0
1.0
1.0
1.0
1.0
1.0
1.0
1.0
1.0
1.0
1.0
1.0
1.0
1.0
0.9690142734998104
1.0
1.0
1.0
1.0
0.8925048022784665
1.0
1.0
1.0
1.0
1.0
1.0
1.0
1.0
1.0
1.0
1.0
1.0
1.0
1.0
1.0
1.0
1.0
1.0
0.5557355395888254
1.0
0.8679864365020744
1.0
1.0
1.0
1.0
1.0
1.0
1.0
1.0
1.0
1.0
1.0
1.0
1.0
1.0
1.0
1.0
1.0
1.0
1.0
1.0
1.0
1.0
1.0
1.0
1.0
1.0
1.0
1.0
1.0
1.0
1.0
1.0
1.0
1.0
1.0
1.0
1.0
1.0
1.0
1.0
1.0
1.0
1.0
1.0
1.0
1.0
1.0
1.0
1.0
1.0
1.0
1.0
1.0
1.0
1.0
1.0
1.0
1.0
1.0
1.0
1.0
1.0
1.0
1.0
1.0
1.0
1.0
1.0
1.0
1.0
1.0
1.0
1.0
1.0
1.0
1.0
1.0
1.0
1.0
1.0
1.0
1.0
1.0
1.0
1.0
1.0
1.0
1.0
1.0
1.0
1.0
1.0
1.0
1.0
1.0
1.0
0.45290980568107214
1.0
1.0
1.0
1.0
1.0
1.0
1.0
1.0
1.0
1.0
1.0
1.0
1.0
1.0
1.0
1.0
1.0
1.0
1.0
1.0
1.0
1.0
1.0
1.0
1.0
1.0
1.0
1.0
1.0
1.0
0.7134336745886833
1.0
1.0
1.0
1.0
1.0
1.0
1.0
1.0
1.0
1.0
1.0
1.0
1.0
1.0
1.0
1.0
1.0
1.0
1.0
1.0
1.0
1.0
1.0
1.0
1.0
1.0
1.0
1.0
1.0
1.0
1.0
1.0
1.0
1.0
1.0
1.0
1.0
1.0
1.0
1.0
1.0
1.0
1.0
1.0
1.0
1.0
1.0
1.0
1.0
1.0
1.0
1.0
1.0
1.0
1.0
1.0
1.0
1.0
1.0
1.0
1.0
1.0
1.0
1.0
1.0
1.0
1.0
1.0
1.0
1.0
1.0
1.0
1.0
1.0
1.0
1.0
1.0
1.0
1.0
1.0
0.9282934861082157
1.0
1.0
1.0
1.0
1.0
1.0
1.0
1.0
1.0
1.0
1.0
1.0
1.0
1.0
1.0
1.0
1.0
1.0
1.0
1.0
1.0
1.0
1.0
0.9154016816024939
1.0
1.0
1.0
1.0
1.0
1.0
1.0
1.0
1.0
1.0
1.0
1.0
1.0
0.8541990055145637
1.0
1.0
1.0
1.0
1.0
1.0
1.0
1.0
1.0
1.0
1.0
1.0
1.0
1.0
1.0
1.0
1.0
1.0
1.0
0.3641873816194425
1.0
1.0
1.0
1.0
1.0
1.0
1.0
1.0
1.0
1.0
1.0
1.0
1.0
1.0
1.0
1.0
1.0
1.0
1.0
1.0
1.0
1.0
1.0
1.0
1.0
1.0
1.0
1.0
1.0
1.0
1.0
1.0
1.0
1.0
1.0
1.0
1.0
1.0
1.0
1.0
1.0
1.0
1.0
1.0
1.0
1.0
1.0
1.0
1.0
1.0
1.0
1.0
1.0
1.0
1.0
1.0
1.0
1.0
1.0
1.0
1.0
1.0
1.0
1.0
1.0
1.0
1.0
1.0
1.0
1.0
1.0
1.0
0.39029418989304826
1.0
1.0
1.0
0.7779393362827908
0.9888936016843569
1.0
1.0
1.0
1.0
1.0
1.0
1.0
1.0
1.0
1.0
1.0
1.0
1.0
1.0
1.0
1.0
0.8991575838483852
0.897409770804509
1.0
1.0
0.949279449968455
1.0
1.0
1.0
1.0
1.0
1.0
1.0
1.0
1.0
1.0
1.0
1.0
1.0
1.0
1.0
1.0
1.0
1.0
1.0
1.0
1.0
1.0
1.0
1.0
1.0
1.0
1.0
1.0
1.0
1.0
1.0
1.0
1.0
1.0
1.0
1.0
1.0
1.0
1.0
1.0
1.0
1.0
1.0
1.0
1.0
1.0
1.0
1.0
1.0
1.0
1.0
1.0
1.0
1.0
1.0
1.0
1.0
1.0
1.0
1.0
1.0
1.0
1.0
1.0
1.0
1.0
1.0
1.0
1.0
1.0
1.0
1.0
1.0
1.0
1.0
1.0
1.0
1.0
1.0
1.0
1.0
1.0
0.9634406340341807
1.0
1.0
1.0
1.0
1.0
1.0
1.0
1.0
1.0
1.0
1.0
1.0
1.0
1.0
1.0
1.0
1.0
1.0
1.0
1.0
1.0
1.0
1.0
1.0
1.0
1.0
1.0
1.0
1.0
1.0
1.0
1.0
1.0
1.0
1.0
1.0
1.0
1.0
1.0
1.0
1.0
1.0
1.0
1.0
1.0
1.0
1.0
1.0
1.0
1.0
1.0
1.0
1.0
1.0
1.0
1.0
1.0
0.9192598546112521
0.4148988568479812
1.0
1.0
1.0
1.0
1.0
1.0
1.0
1.0
1.0
1.0
1.0
1.0
1.0
1.0
1.0
1.0
1.0
1.0
1.0
1.0
1.0
0.8759879444013551
1.0
1.0
1.0
1.0
1.0
1.0
1.0
1.0
1.0
1.0
1.0
1.0
1.0
1.0
1.0
1.0
1.0
1.0
1.0
1.0
1.0
1.0
1.0
1.0
1.0
1.0
1.0
1.0
1.0
1.0
1.0
1.0
1.0
1.0
1.0
1.0
1.0
1.0
1.0
1.0
1.0
1.0
1.0
1.0
1.0
1.0
1.0
1.0
1.0
1.0
1.0
1.0
1.0
1.0
1.0
1.0
1.0
1.0
1.0
1.0
1.0
1.0
1.0
1.0
1.0
1.0
1.0
1.0
1.0
1.0
1.0
1.0
1.0
1.0
1.0
1.0
1.0
1.0
1.0
1.0
1.0
1.0
1.0
1.0
1.0
1.0
1.0
1.0
1.0
1.0
1.0
1.0
1.0
1.0
1.0
1.0
1.0
1.0
1.0
0.8060198325014835
1.0
0.6296172020494988
0.871403354115751
1.0
1.0
1.0
1.0
1.0
1.0
1.0
1.0
1.0
1.0
1.0
1.0
1.0
1.0
1.0
1.0
0.3333456376565599
1.0
1.0
1.0
1.0
1.0
1.0
1.0
1.0
1.0
1.0
1.0
1.0
1.0
1.0
1.0
1.0
1.0
1.0
1.0
1.0
1.0
1.0
1.0
1.0
1.0
1.0
1.0
1.0
1.0
1.0
1.0
1.0
1.0
1.0
0.9865422736820936
1.0
1.0
1.0
1.0
1.0
1.0
1.0
1.0
1.0
1.0
1.0
1.0
1.0
1.0
1.0
1.0
1.0
1.0
1.0
1.0
1.0
1.0
1.0
1.0
1.0
1.0
1.0
1.0
1.0
1.0
1.0
1.0
1.0
1.0
1.0
1.0
1.0
1.0
1.0
1.0
1.0
0.9417350940489873
1.0
1.0
1.0
1.0
1.0
1.0
1.0
1.0
1.0
1.0
1.0
1.0
1.0
1.0
1.0
1.0
1.0
1.0
1.0
1.0
1.0
1.0
1.0
1.0
1.0
1.0
1.0
1.0
1.0
1.0
1.0
1.0
1.0
1.0
1.0
1.0
1.0
1.0
1.0
1.0
1.0
1.0
1.0
1.0
1.0
1.0
1.0
1.0
1.0
1.0
0.9386429680831533
1.0
1.0
1.0
1.0
1.0
1.0
1.0
1.0
1.0
1.0
1.0
1.0
1.0
1.0
1.0
1.0
1.0
1.0
1.0
0.9654010054549748
1.0
1.0
1.0
1.0
0.8168546080052435
1.0
1.0
1.0
1.0
1.0
1.0
1.0
1.0
1.0
1.0
1.0
0.97578969861723
0.9801075993472751
1.0
1.0
1.0
1.0
1.0
1.0
1.0
1.0
1.0
1.0
1.0
1.0
1.0
1.0
1.0
1.0
1.0
1.0
1.0
1.0
1.0
1.0
1.0
1.0
1.0
1.0
1.0
1.0
1.0
1.0
1.0
1.0
1.0
1.0
1.0
1.0
1.0
1.0
1.0
1.0
1.0
1.0
1.0
1.0
1.0
1.0
1.0
1.0
1.0
1.0
1.0
1.0
1.0
1.0
1.0
1.0
1.0
1.0
1.0
1.0
0.6711435645555585
1.0
1.0
1.0
1.0
1.0
1.0
1.0
1.0
1.0
1.0
1.0
1.0
1.0
1.0
1.0
1.0
1.0
1.0
1.0
1.0
1.0
1.0
1.0
1.0
1.0
1.0
1.0
1.0
1.0
1.0
1.0
1.0
1.0
1.0
1.0
1.0
1.0
1.0
1.0
1.0
1.0
1.0
1.0
1.0
1.0
1.0
1.0
1.0
1.0
1.0
1.0
1.0
1.0
1.0
1.0
1.0
1.0
1.0
0.4482218863816474
1.0
1.0
1.0
1.0
1.0
1.0
1.0
1.0
1.0
1.0
1.0
1.0
1.0
1.0
0.9562488446177041
1.0
1.0
0.8978352312621547
1.0
1.0
1.0
1.0
1.0
1.0
1.0
1.0
1.0
1.0
1.0
1.0
1.0
1.0
1.0
1.0
1.0
1.0
1.0
1.0
1.0
1.0
1.0
1.0
1.0
1.0
1.0
1.0
1.0
1.0
1.0
1.0
1.0
1.0
1.0
1.0
1.0
1.0
1.0
1.0
1.0
1.0
1.0
1.0
1.0
1.0
1.0
1.0
1.0
1.0
1.0
0.4375676554665838
1.0
1.0
1.0
1.0
1.0
1.0
0.9728264109525588
0.9105576875192417
1.0
1.0
1.0
1.0
1.0
1.0
1.0
1.0
1.0
1.0
1.0
1.0
1.0
1.0
1.0
1.0
0.982270547217931
1.0
1.0
1.0
1.0
1.0
1.0
1.0
1.0
1.0
1.0
1.0
1.0
1.0
1.0
1.0
1.0
1.0
1.0
1.0
1.0
1.0
1.0
1.0
1.0
1.0
1.0
1.0
1.0
1.0
1.0
1.0
1.0
1.0
1.0
1.0
1.0
1.0
1.0
1.0
1.0
0.7934297513043196
1.0
1.0
1.0
0.817904770188971
1.0
1.0
1.0
1.0
1.0
1.0
1.0
1.0
1.0
1.0
1.0
1.0
1.0
1.0
1.0
1.0
1.0
1.0
1.0
1.0
1.0
1.0
1.0
1.0
1.0
1.0
1.0
1.0
1.0
1.0
1.0
1.0
1.0
1.0
0.829408206572459
1.0
1.0
1.0
1.0
1.0
1.0
1.0
1.0
1.0
1.0
1.0
1.0
0.7542366856139902
1.0
1.0
1.0
1.0
1.0
1.0
1.0
1.0
1.0
1.0
1.0
1.0
1.0
1.0
1.0
1.0
1.0
1.0
1.0
1.0
1.0
1.0
1.0
1.0
1.0
1.0
1.0
1.0
1.0
1.0
1.0
1.0
1.0
1.0
1.0
1.0
1.0
1.0
1.0
1.0
1.0
1.0
1.0
1.0
1.0
1.0
1.0
1.0
1.0
1.0
1.0
1.0
1.0
1.0
1.0
1.0
1.0
1.0
1.0
0.8636575087325928
1.0
1.0
1.0
1.0
0.8902604220861778
1.0
1.0
1.0
1.0
1.0
1.0
1.0
1.0
1.0
1.0
1.0
1.0
1.0
1.0
1.0
1.0
1.0
1.0
1.0
1.0
1.0
1.0
0.9056804406296214
1.0
1.0
1.0
1.0
1.0
1.0
1.0
1.0
1.0
1.0
1.0
1.0
1.0
1.0
1.0
1.0
1.0
1.0
1.0
1.0
1.0
1.0
1.0
1.0
1.0
1.0
1.0
0.816709037576163
1.0
1.0
1.0
1.0
1.0
1.0
1.0
1.0
1.0
1.0
1.0
1.0
1.0
1.0
1.0
1.0
0.9069107709258011
1.0
1.0
1.0
1.0
1.0
1.0
1.0
1.0
1.0
1.0
1.0
1.0
1.0
1.0
1.0
1.0
1.0
1.0
1.0
1.0
1.0
1.0
1.0
1.0
1.0
1.0
1.0
1.0
0.9024561681100045
1.0
1.0
1.0
1.0
1.0
1.0
1.0
1.0
1.0
1.0
1.0
1.0
1.0
1.0
1.0
1.0
1.0
1.0
0.937430311283745
1.0
1.0
1.0
1.0
1.0
1.0
1.0
1.0
1.0
1.0
1.0
1.0
1.0
1.0
1.0
1.0
1.0
1.0
1.0
1.0
1.0
1.0
0.9553931690241275
1.0
1.0
1.0
1.0
1.0
1.0
1.0
1.0
1.0
1.0
1.0
1.0
1.0
1.0
1.0
1.0
1.0
1.0
1.0
1.0
1.0
1.0
1.0
1.0
1.0
1.0
1.0
1.0
1.0
1.0
1.0
1.0
1.0
1.0
1.0
1.0
1.0
1.0
1.0
1.0
1.0
1.0
1.0
1.0
1.0
1.0
1.0
1.0
