-1.0
-0.6653397559292852
-0.360641604142109
-1.0
-1.0
-0.15619111133035984
-1.0
-0.19362744399532902
-0.9186053018735426
-1.0
-0.49361189103272013
-1.0
-0.3313187352668443
-1.0
-1.0
-1.0
-1.0
-1.0
-1.0
-0.2174322318046157
-0.15778112680188217
-1.0
-1.0
-1.0
-1.0
-0.16477475132137737
-0.04867318187625689
-0.9126976726321926
-1.0
-0.11849076266690538
-0.9380822932114189
-1.0
-1.0
-0.6832901575415955
-1.0
-0.2169417106693081
-1.0
-1.0
-1.0
-0.9599142840944676
-1.0
-0.4207589082823294
-1.0
-1.0
-1.0
-1.0
-1.0
-0.25507972598538503
-0.5303746532010307
-1.0
-1.0
-1.0
-1.0
-0.37593612984029423
-1.0
-1.0
-1.0
-1.0
-0.28043389825558074
-1.0
-0.3369269017092699
-1.0
-1.0
-1.0
-0.645392579715609
-1.0
-1.0
-1.0
-1.0
-1.0
-1.0
-1.0
-1.0
-0.6777056962794867
-1.0
-1.0
-0.49541073777024885
-1.0
-0.026860972123971094
-0.9394258118338712
-1.0
-0.9049396966652546
-1.0
-1.0
-0.5898504975088087
-1.0
-0.04915520707760539
-1.0
-1.0
-1.0
-1.0
-1.0
-0.05041655528766565
-1.0
-0.6574585421127975
-1.0
-1.0
-1.0
-1.0
-1.0
-1.0
-1.0
-1.0
-1.0
-1.0
-1.0
-0.7103000357301941
-1.0
-1.0
-0.738397919306259
-0.8928946394857188
-0.1251782751878645
-1.0
-1.0
-1.0
-1.0
-1.0
-0.1943819980298436
-1.0
-1.0
-0.8392930217505952
-1.0
-1.0
-1.0
-1.0
-0.40658423434392726
-0.3043611996064153
-1.0
-1.0
-1.0
-0.7391077464441864
-1.0
-1.0
-1.0
-1.0
-1.0
-1.0
-0.05317080353837915
-0.23220262983654533
-1.0
-1.0
-1.0
-1.0
-1.0
-1.0
-1.0
-1.0
-1.0
-1.0
-0.6055987947465576
-1.0
-0.18782518997388514
-1.0
-1.0
-1.0
-0.10276749254281257
-0.12429084634735228
-0.2997473245230208
-1.0
-1.0
-0.8474053970344967
-1.0
-0.8664980592304175
-0.25735863553429256
-1.0
-1.0
-0.7435941481276768
-1.0
-1.0
-0.021303802157613884
-0.9603703298091171
-1.0
-1.0
-1.0
-1.0
-1.0
-1.0
-1.0
-1.0
-1.0
-1.0
-1.0
-0.35395458977601346
-1.0
-1.0
-1.0
-1.0
-1.0
-1.0
-1.0
-1.0
-0.009853530996947052
-1.0
-0.7757265414397819
-1.0
-1.0
-0.8460771673274327
-0.052295689637534795
-1.0
-0.07289126166998837
-1.0
-1.0
-1.0
-1.0
-1.0
-1.0
-0.14186377881597728
-0.7384189891647283
-0.28942496357991127
-1.0
-1.0
-1.0
-0.05925911120689626
-1.0
-1.0
-1.0
-1.0
-1.0
-1.0
-1.0
-1.0
-1.0
-1.0
-0.0390739355829121
-1.0
-0.023757327191473988
-0.687061349502219
-1.0
-0.20819390662031517
-0.5362446513247172
-0.0244459948680731
-1.0
-1.0
-1.0
-0.29653359618506187
-1.0
-0.8149676079182909
-1.0
-1.0
-1.0
-0.8603030625702389
-0.4318279106165963
-1.0
-1.0
-0.5139363440931843
-1.0
-1.0
-1.0
-1.0
-1.0
-1.0
-1.0
-1.0
-1.0
-1.0
-0.16481992908448548
-1.0
-0.8915676242528474
-1.0
-0.9668242765373963
-1.0
-1.0
-1.0
-1.0
-1.0
-1.0
-0.5601725927806321
-0.5397826733485238
-1.0
-1.0
-1.0
-0.22054267512307069
-0.3148475927376527
-0.16214604829492918
-1.0
-1.0
-1.0
-1.0
-0.672628804350605
-1.0
-0.5452858035941824
-1.0
-0.2801331568587824
-1.0
-1.0
-1.0
-1.0
-1.0
-1.0
-0.040782329096141774
-0.5251431546277211
-1.0
-1.0
-1.0
-0.21612595153280334
-1.0
-1.0
-1.0
-0.295899013085992
-1.0
-0.5872450424147047
-0.8911740185841767
-0.39858296587130554
-1.0
-1.0
-1.0
-1.0
-1.0
-1.0
-0.5864829061861012
-1.0
-1.0
-1.0
-1.0
-1.0
-1.0
-1.0
-0.6167902624476852
-1.0
-1.0
-1.0
-0.30082741668174895
-0.39562349677562364
-0.5169929628950425
-0.05248202356288222
-1.0
-0.546888766232112
-1.0
-1.0
-0.720049344870427
-0.2094949776878384
-1.0
-1.0
-1.0
-1.0
-1.0
-0.8545185833927977
-0.7279476936729818
-0.9897468149058802
-0.27073458258770233
-0.6960789428233045
-0.7476604527244488
-1.0
-1.0
-1.0
-0.28348799168370914
-1.0
-1.0
-1.0
-1.0
-1.0
-1.0
-0.3785420509936262
-1.0
-0.6879550577658423
-1.0
-0.2209797244913017
-1.0
-0.02606578507301599
-0.5929999423528916
-0.5911188094310498
-0.8983569569401725
-1.0
-0.06213989291364864
-0.2675775615412073
-1.0
-0.673143371068287
-1.0
-1.0
-1.0
-1.0
-0.11423384937190564
-0.30273825034667085
-0.9446083549222467
-1.0
-1.0
-1.0
-1.0
-1.0
-0.7408096831562668
-1.0
-1.0
-0.0632319989718729
-1.0
-1.0
-1.0
-0.458863421497073
-1.0
-1.0
-1.0
-0.33370452861065314
-1.0
-1.0
-1.0
-1.0
-1.0
-1.0
-1.0
-0.5335205780493549
-1.0
-1.0
-0.2171965244726702
-1.0
-0.06718851720364163
-1.0
-1.0
-0.3388566158002369
-1.0
-1.0
-1.0
-0.19407513010701838
-1.0
-1.0
-0.18008581168772544
-0.9966609137647762
-0.2773924120372027
-1.0
-1.0
-0.19077032771232874
-1.0
-1.0
-1.0
-1.0
-1.0
-1.0
-1.0
-1.0
-0.14121032409588974
-1.0
-1.0
-1.0
-0.1571098890187631
-1.0
-1.0
-1.0
-0.3367227300190307
-1.0
-1.0
-0.5761886682229423
-1.0
-1.0
-1.0
-0.522126164555627
-1.0
-1.0
-1.0
-0.7238683873125908
-1.0
-1.0
-1.0
-1.0
-0.3815086817014194
-1.0
-1.0
-1.0
-1.0
-1.0
-1.0
-1.0
-1.0
-0.11761207710497626
-0.6676960369083462
-1.0
-0.48558689067161814
-1.0
-1.0
-1.0
-1.0
-1.0
-1.0
-0.4786505999545838
-1.0
-1.0
-0.23964694413334905
-0.8910195619866169
-0.24996927856111098
-1.0
-0.49345941041238833
-1.0
-1.0
-1.0
-0.021685235769517145
-1.0
-1.0
-1.0
-1.0
-1.0
-1.0
-1.0
-1.0
-1.0
-0.19625476683910767
-0.41612922314277084
-0.6130509843204053
-1.0
-0.5244195945480232
-0.7598825473979246
-1.0
-1.0
-1.0
-1.0
-0.20336491256322844
-1.0
-1.0
-1.0
-0.7794383596626525
-1.0
-1.0
-1.0
-0.4578941532922089
-1.0
-1.0
-1.0
-1.0
-1.0
-1.0
-1.0
-1.0
-1.0
-0.25077046838816364
-1.0
-1.0
-1.0
-1.0
-1.0
-0.5651419312489971
-0.2615459448581752
-0.7509164746068828
-0.4177295529575559
-1.0
-1.0
-1.0
-1.0
-1.0
-1.0
-1.0
-0.6883881023528305
-1.0
-1.0
-1.0
-1.0
-1.0
-0.8730101306648934
-0.5871822523193554
-1.0
-1.0
-1.0
-1.0
-1.0
-1.0
-0.8325975830123117
-0.5737476437850805
-0.527775376100161
-1.0
-0.3960827334514987
-0.19897004445828673
-1.0
-1.0
-0.1715393309092879
-1.0
-1.0
-0.013151454270453312
-1.0
-0.6026628993404631
-0.03518354536323981
-1.0
-0.14350609221455374
-0.4398999061513319
-0.5854128381177589
-1.0
-1.0
-0.0789643491116995
-1.0
-1.0
-1.0
-0.34218943230440974
-1.0
-1.0
-0.6051896536609531
-0.1932470115904698
-0.8850271538238536
-1.0
-1.0
-0.7170393728279314
-1.0
-1.0
-1.0
-1.0
-1.0
-1.0
-1.0
-0.25400092723350354
-0.009676210528051721
-0.12788138035508378
-1.0
-1.0
-1.0
-1.0
-1.0
-1.0
-0.6105367773703193
-1.0
-1.0
-1.0
-1.0
-1.0
-1.0
-0.16627937483614666
-1.0
-1.0
-1.0
-1.0
-1.0
-0.8333733867311989
-0.013191733536570863
-0.01490193904686485
-1.0
-1.0
-1.0
-1.0
-1.0
-0.5701901939284856
-0.04359426695241959
-1.0
-1.0
-0.34959333094682327
-1.0
-0.4656395307685202
-1.0
-0.009726329926168084
-1.0
-0.0388038222945028
-0.7919030998502629
-1.0
-1.0
-1.0
-1.0
-1.0
-1.0
-0.9489918609455413
-1.0
-1.0
-1.0
-1.0
-1.0
-1.0
-0.06442506669452758
-1.0
-1.0
-1.0
-0.16103606725004516
-0.7092603172285337
-0.032179238501132044
-0.9503350182348749
-1.0
-0.5897002949734066
-1.0
-1.0
-1.0
-0.6788015972347811
-0.8709154702318149
-1.0
-0.6387770926616706
-0.3251906073540971
-1.0
-0.8263360774985594
-1.0
-1.0
-0.7736408750629884
-1.0
-0.4620734326185041
-1.0
-0.9480001528918767
-1.0
-1.0
-1.0
-1.0
-0.5051054858732261
-0.489154917248532
-0.806989128760409
-0.11812046566225895
-1.0
-1.0
-1.0
-0.8333113465554114
-0.7311939713083268
-1.0
-1.0
-1.0
-0.13585848902147124
-0.6107946095138037
-0.8219737768527388
-1.0
-0.8090997715596524
-1.0
-1.0
-0.6581325732696782
-0.36225621056731083
-1.0
-1.0
-0.07459807542361047
-0.19218460885410685
-1.0
-0.7863276001824011
-0.18586590847428353
-1.0
-1.0
-1.0
-0.3258198439524017
-1.0
-1.0
-1.0
-0.2519744903848101
-1.0
-1.0
-1.0
-0.2682474434635644
-1.0
-1.0
-1.0
-1.0
-0.58195035206155
-0.9661442931174792
-1.0
-1.0
-0.5139865813423437
-1.0
-1.0
-0.5768167760419682
-1.0
-0.2987250704597384
-1.0
-1.0
-0.8742474622275404
-0.7610243522072923
-1.0
-1.0
-0.16935531262325268
-1.0
-1.0
-1.0
-1.0
-1.0
-1.0
-0.46324427550711017
-1.0
-0.5851192974823729
-0.08302643184756951
-0.589184983936636
-1.0
-1.0
-0.12671450054278158
-1.0
-1.0
-1.0
-1.0
-1.0
-1.0
-1.0
-1.0
-1.0
-1.0
-0.33301445032224164
-1.0
-1.0
-1.0
-1.0
-1.0
-1.0
-1.0
-1.0
-0.08121734689722056
-1.0
-0.6218028277269896
-0.21822500625513733
-1.0
-1.0
-1.0
-0.11640255034571058
-0.021971605910253735
-1.0
-1.0
-0.06333328903784066
-0.770715451032332
-1.0
-0.6934950956428607
-0.9753433574609391
-0.2121696435569173
-1.0
-1.0
-1.0
-1.0
-0.018806274439663977
-0.2271427229312808
-0.11652169267091238
-0.8957230934226464
-1.0
-1.0
-0.29847770923067946
-0.9639277702974348
-0.7193082591748866
-1.0
-1.0
-1.0
-1.0
-0.6774607063305036
-1.0
-0.8401234986794092
-1.0
-1.0
-1.0
-0.18990032455085357
-1.0
-0.9174942506889514
-1.0
-1.0
-1.0
-0.3993155191392574
-0.1767331605115707
-0.6371312023544963
-1.0
-1.0
-1.0
-0.5721826466890556
-0.2419293869377978
-0.7901549695389103
-1.0
-0.3284288713119262
-0.9065178449786857
-1.0
-1.0
-1.0
-1.0
-0.3114949510488102
-0.3774238261332745
-1.0
-0.5941413186326936
-1.0
-0.08031820424314023
-0.5492547739524593
-1.0
-0.214122190146581
-1.0
-1.0
-0.7776805216627994
-1.0
-1.0
-0.5799807843059104
-1.0
-1.0
-1.0
-1.0
-1.0
-1.0
-1.0
-1.0
-0.38861529488716207
-0.8433388790221281
-1.0
-0.8921842301329606
-1.0
-1.0
-1.0
-1.0
-1.0
-0.36207574381289936
-0.3731539628085098
-1.0
-1.0
-0.22990329893539294
-1.0
-1.0
-1.0
-1.0
-0.10725119292371342
-1.0
-1.0
-1.0
-0.6715588899254654
-1.0
-1.0
-1.0
-0.054135660918593655
-1.0
-0.2807853178713751
-0.8793285928413919
-0.504178071969757
-1.0
-1.0
-0.6604148582589408
-1.0
-1.0
-1.0
-1.0
-1.0
-1.0
-0.04248489322905105
-1.0
-0.7127663555312652
-1.0
-1.0
-0.17346569002267656
-1.0
-1.0
-1.0
-0.14280124050422296
-1.0
-1.0
-0.04213179907744252
-0.43208170972656174
-1.0
-1.0
-1.0
-1.0
-1.0
-0.4946084381673735
-1.0
-1.0
-1.0
-1.0
-0.4229053271718814
-1.0
-1.0
-1.0
-0.34916651691371053
-1.0
-0.38763676303406996
-1.0
-0.9553192941777453
-1.0
-1.0
-1.0
-0.5311127592432132
-0.12786165033660238
-1.0
-0.19412290143726557
-1.0
-1.0
-0.9187323709939471
-1.0
-1.0
-1.0
-1.0
-0.04566545723385944
-0.1199178917525061
-1.0
-1.0
-1.0
-0.7836389345741721
-1.0
-0.20743459106011403
-0.6162450071085057
-1.0
-0.5236327086553516
-1.0
-1.0
-0.00035605492648360236
-0.8142219178007165
-1.0
-1.0
-0.4535052258178471
-0.11047452897132912
-1.0
-1.0
-1.0
-1.0
-1.0
-0.07957852150324915
-1.0
-1.0
-1.0
-1.0
-1.0
-1.0
-0.2628518400126324
-1.0
-0.4739796190814779
-1.0
-1.0
-0.7489568428449337
-0.21896029264531885
-0.880536555561782
-0.7712993616241524
-0.1373828671935905
-1.0
-0.19064116351052532
-1.0
-1.0
-0.9201261948920104
-0.45020376703950704
-0.39625121192446344
-1.0
-1.0
-1.0
-0.2722174265100989
-1.0
-0.6950901440057122
-0.40711016625719293
-1.0
-1.0
-0.808418906047446
-0.08247070609798922
-1.0
-1.0
-1.0
-0.5823002067199188
-1.0
-0.6807291581901282
-1.0
-1.0
-0.0977442875225199
-0.09488316248920861
-0.295429726432116
-1.0
-0.10059465515484127
-0.09487906276448854
-0.9032294911185433
-0.001968998752284885
-0.9450434586999443
-1.0
-0.04097739483067699
-1.0
-1.0
-1.0
-0.7238402741618372
-1.0
-1.0
-1.0
-1.0
-1.0
-0.0596762232020506
-1.0
-1.0
-1.0
-0.0016432431460411496
-0.49182171834393956
-1.0
-0.07384828954893884
-1.0
-0.6797016836537818
-1.0
-1.0
-0.1661795331255528
-1.0
-0.04452506047251439
-1.0
-1.0
-1.0
-1.0
-0.6513735164588127
-1.0
-1.0
-1.0
-0.19043296294287776
-1.0
-1.0
-1.0
-0.642123406258871
-0.902237366755879
-1.0
-1.0
-1.0
-1.0
-1.0
-1.0
-0.8453857057275521
-1.0
-0.7505658587388049
-1.0
-0.5244597112496985
-1.0
-1.0
-1.0
-1.0
-1.0
-1.0
-0.2665398908201703
-0.22721769271762796
-1.0
-1.0
-0.20450794328717295
-0.7540360605897379
-1.0
-1.0
-1.0
-1.0
-1.0
-0.13202082665426831
-1.0
-0.15520552253881223
-0.23664063282058634
-1.0
-0.01737293729565711
-1.0
-1.0
-1.0
-1.0
-0.8233240102661407
-1.0
-1.0
-0.8962569949101823
-1.0
-1.0
-0.7699298945059718
-1.0
-0.6584200353216365
-0.0634600437715406
-1.0
-0.7856371876507903
-1.0
-1.0
-1.0
-0.9500109399858762
-1.0
-1.0
-1.0
-0.29531660493014633
-1.0
-1.0
-1.0
-1.0
-1.0
-1.0
-1.0
-0.2150376562533379
-1.0
-1.0
-0.41714864265423635
-1.0
-0.3180379207690165
-1.0
-1.0
-0.4717727670467763
-1.0
-1.0
-1.0
-1.0
-1.0
-1.0
-1.0
-1.0
-1.0
-1.0
-0.2469253381125963
-1.0
-1.0
-1.0
-0.6675355442413323
-1.0
-1.0
-0.5044674635088108
-1.0
-1.0
-1.0
-1.0
-1.0
-1.0
-1.0
-0.3700916427262443
-1.0
-1.0
-1.0
-1.0
-0.775158138459712
-1.0
-0.27092116074711764
-1.0
-0.10147155530433095
-1.0
-0.27180554334879936
-1.0
-1.0
-0.24775719500083299
-1.0
-0.2648023831437198
-0.05733195384744259
-0.7956244619940107
-1.0
-0.7124350758479104
-1.0
-0.8442199021608395
-0.421050685415475
-1.0
-1.0
-1.0
-1.0
-1.0
-1.0
-1.0
-1.0
-0.30316087944534453
-1.0
-1.0
-0.07509313204218693
-1.0
-1.0
-0.3692518958426996
-1.0
-1.0
-1.0
-1.0
-0.26960507717852944
-0.11553955089372514
-1.0
-0.9396247432413348
-1.0
-0.2353896817593148
-0.7613291206736026
-1.0
-1.0
-1.0
-1.0
-0.8128760036444614
-0.0503708912288373
-1.0
-0.3848813340674043
-0.6168245898976451
-0.8963179980519803
-0.432399853407549
-0.21411832718978996
-1.0
-1.0
-1.0
-1.0
-1.0
-1.0
-0.5460383862500098
-0.5936330184322813
-1.0
-1.0
-0.5854078866286792
-0.4151695462979745
-1.0
-1.0
-0.047774264805812476
-1.0
-1.0
-1.0
-1.0
-1.0
-1.0
-1.0
-0.42671099644421984
-1.0
-1.0
-0.27571868856732673
-0.9431819025371845
-0.8855170270621922
-1.0
-1.0
-1.0
-0.07758501681023576
-0.9819802268897028
-0.5151803552997297
-0.9043692773859138
-1.0
-1.0
-0.0422142053872661
-0.2637207522724231
-1.0
-1.0
-0.9690556808191654
-1.0
-0.09091833915655577
-1.0
-0.12332896056930015
-1.0
-1.0
-0.13570972843377774
-0.5387970250963575
-1.0
-1.0
-0.46646657196852886
-1.0
-1.0
-1.0
-0.40270630802139024
-1.0
-1.0
-0.03466077390496562
-1.0
-1.0
-1.0
-1.0
-1.0
-1.0
-0.7626876051747615
-1.0
-1.0
-1.0
-0.14837271983880654
-0.07477545958113964
-0.6765931281296961
-1.0
-1.0
-1.0
-0.22981562221924676
-1.0
-1.0
-1.0
-1.0
-0.32392236941002656
-1.0
-1.0
-1.0
-0.8758225692548318
-1.0
-1.0
-1.0
-1.0
-1.0
-1.0
-1.0
-0.12275685407398297
-0.42843037158577313
-0.5332031654138132
-0.5179200205785685
-1.0
-1.0
-0.21494371477040325
-1.0
-1.0
-1.0
-0.025170835346965115
-1.0
-0.035052204775640576
-1.0
-0.9119604431543789
-1.0
-0.25936505890882194
-0.09638892356263941
-1.0
-1.0
-1.0
-1.0
-0.18822193348857127
-0.5999376989425067
-1.0
-1.0
-1.0
-1.0
-1.0
-1.0
-1.0
-0.34165490971385093
-0.16042016662289854
-0.7876278102810554
-1.0
-1.0
-1.0
-0.03074777074494813
-1.0
-1.0
-0.1924165692269812
-0.9867092214181777
-1.0
-1.0
-1.0
-1.0
-1.0
-1.0
-1.0
-1.0
-0.3213140649737484
-0.29287793155030184
-1.0
-1.0
-1.0
-1.0
-0.6262080865450581
-1.0
-0.1187181941159905
-0.8723945238141313
-0.5641676617151673
-1.0
-1.0
-1.0
-0.8341656766867821
-1.0
-0.014920063488890103
-1.0
-0.1685091852010322
-1.0
-1.0
-1.0
-0.38706747026447624
-0.12000742671079766
-1.0
-0.27926115612407976
-0.4775998459431859
-1.0
-0.6760211479017558
-1.0
-1.0
-1.0
-0.09611564058805798
-1.0
-1.0
-0.13366132741774964
-1.0
-0.2687384446544263
-1.0
-1.0
-1.0
-0.7075274541115972
-0.062295924615697294
-0.15891227965140503
-1.0
-1.0
-1.0
-1.0
-0.19427581107348046
-0.6367827642642115
-1.0
-0.5704854415655758
-0.018882798987077596
-1.0
-1.0
-1.0
-1.0
-0.8202959204041683
-0.39346699013447883
-0.24195190674302192
-1.0
-1.0
-0.1380333000459655
-1.0
-1.0
-1.0
-1.0
-1.0
-0.1429651187832042
-1.0
-0.3863876954571244
-0.5265725648860364
-1.0
-1.0
-1.0
-1.0
-1.0
-1.0
-1.0
-1.0
-0.15661531168590878
-1.0
-0.0007906672599866799
-0.2886653779001448
-0.8617463744833194
-1.0
-0.11046962259662003
-0.0011230627594115677
-0.7564729734983308
-1.0
-1.0
-1.0
-1.0
-1.0
-1.0
-1.0
-1.0
-1.0
-1.0
-1.0
-1.0
-0.000727748784933255
-0.22168047309561748
-0.43120933407237055
-0.12558705390618585
-0.49227590678661093
-1.0
-1.0
-1.0
-1.0
-1.0
-1.0
-1.0
-1.0
-1.0
-1.0
-1.0
-0.4083462337525487
-0.9514483487856156
-0.6477397007866978
-1.0
-1.0
-1.0
-1.0
-1.0
-1.0
-1.0
-1.0
-1.0
-1.0
-0.1652922573717708
-0.787317081077113
-1.0
-0.1470009710219587
-0.11022798453699097
-1.0
-0.9783442391579433
-1.0
-1.0
-0.9336208759338507
-1.0
-0.49878193070123855
-0.5728035849663758
-0.44078598011321957
-1.0
-1.0
-1.0
-0.1510697301781586
-1.0
-1.0
-1.0
-1.0
-1.0
-1.0
-1.0
-0.5385331746621481
-1.0
-1.0
-1.0
-1.0
-0.662425759515218
-1.0
-0.7760359254782966
-1.0
-1.0
-1.0
-1.0
-1.0
-1.0
-1.0
-1.0
-1.0
-1.0
-1.0
-1.0
-0.006734090315476756
-1.0
-0.007309824092471402
-1.0
-1.0
-0.33209381416973677
-0.5715999230141885
-0.8521635577678941
-1.0
-0.7417677163332801
-0.3065698622175768
-0.846818598813976
-1.0
-1.0
-1.0
-1.0
-1.0
-1.0
-0.6040944438412362
-1.0
-1.0
-1.0
-1.0
-1.0
-1.0
-0.262078387665742
-0.18420855688799212
-1.0
-1.0
-1.0
-0.2713013498257578
-1.0
-1.0
-0.23637945050789488
-1.0
-1.0
-1.0
-0.08186541167755028
-0.34031478257880615
-1.0
-1.0
-0.9964239075448237
-1.0
-0.491521571768334
-0.2495111956786375
-0.1386020765129682
-1.0
-1.0
-1.0
-1.0
-0.596748628684233
-1.0
-1.0
-1.0
-1.0
-0.1440521934635317
-1.0
-1.0
-0.013825408935508397
-0.527311384796242
-0.055053054248049675
-1.0
-1.0
-1.0
-1.0
-1.0
-1.0
-1.0
-1.0
-1.0
-1.0
-0.38173101120038205
-0.9460624212004002
-1.0
-1.0
-1.0
-1.0
-0.3740706306172131
-1.0
-1.0
-1.0
-1.0
-1.0
-0.5154699488269779
-1.0
-0.9297530197616266
-0.5956983580518107
-1.0
-0.7413055279886323
-1.0
-0.04018027709012049
-1.0
-1.0
-0.17202231039405055
-0.49317430144968327
-0.11965400567460797
-0.726798658534661
-0.823610568110451
-1.0
-0.8861035889420463
-0.13101370846839455
-0.03292915548937127
-1.0
-1.0
-1.0
-1.0
-0.014361382914364599
-1.0
-1.0
-1.0
-0.14657326047813884
-1.0
-1.0
-1.0
-0.6759904667413497
-1.0
-1.0
-1.0
-1.0
-1.0
-1.0
-1.0
-1.0
-1.0
-1.0
-0.152727373644929
-1.0
-1.0
-1.0
-1.0
-1.0
-0.28191465313307984
-0.7340686754865972
-0.11438126830774516
-1.0
-0.9129722260926169
-0.0999089760921885
-0.5240882339150903
-1.0
-1.0
-1.0
-0.2831531313063951
-0.6397806293309386
-1.0
-0.18833078207190268
-1.0
-0.7003057778671984
-1.0
-1.0
-1.0
-1.0
-1.0
-1.0
-0.22913133973964553
-1.0
-0.2562229355916167
-0.29873025060520303
-1.0
-1.0
-1.0
-1.0
-1.0
-1.0
-1.0
-1.0
-1.0
-1.0
-0.9102190254463882
-1.0
-1.0
-1.0
-0.629438383398871
-0.06955504016439223
-1.0
-1.0
-1.0
-1.0
-1.0
-0.16051131393902507
-0.5116076823116503
-1.0
-1.0
-0.4560257974952607
-1.0
-0.582604541411559
-1.0
-1.0
-0.28395797213198526
-1.0
-0.022231697203261347
-1.0
-1.0
-0.29168252400918165
-0.6828964208961964
-1.0
-0.5885561873061073
-1.0
-1.0
-1.0
-0.7584838329566657
-0.5790836265931325
-1.0
-1.0
-1.0
-0.9183629691596479
-1.0
-0.2861687002158675
-0.541552498798031
-1.0
-0.42405599708966146
-1.0
-1.0
-1.0
-1.0
-0.40901833639427665
-1.0
-0.7911744144813355
-1.0
-1.0
-1.0
-0.6747536276264607
-1.0
-1.0
-1.0
-1.0
-1.0
-1.0
-1.0
-1.0
-1.0
-1.0
-1.0
-1.0
-1.0
-1.0
-1.0
-1.0
-1.0
-1.0
-1.0
-0.5796258700728836
-1.0
-1.0
-0.4767096332614249
-0.7671813943704633
-1.0
-1.0
-0.0672889027403853
-1.0
-0.08228784778937197
-1.0
-1.0
-0.709573469443121
-1.0
-0.9684448638478946
-1.0
-1.0
-1.0
-1.0
-1.0
-0.22127645551297412
-0.4794903655069217
-1.0
-1.0
-1.0
-1.0
-1.0
-1.0
-0.9558886730649183
-1.0
-1.0
-0.8175131615069527
-0.5217730123436619
-0.6920070142573601
-1.0
-1.0
-1.0
-1.0
-1.0
-1.0
-0.4998663521971354
-1.0
-0.031042938774926955
-1.0
-1.0
-1.0
-1.0
-1.0
-1.0
-0.37617997119785873
-0.06431495680371041
-0.7488917508793692
-1.0
-0.22192950545475473
-1.0
-0.7874648225568942
-1.0
-1.0
-1.0
-1.0
-0.31242069625769353
-1.0
-1.0
-1.0
-1.0
-0.3076975754284535
-1.0
-1.0
-1.0
-1.0
-1.0
-0.3570669179284343
-1.0
-0.7790978776508042
-1.0
-1.0
-1.0
-1.0
-1.0
-1.0
-1.0
-1.0
-0.13096102853733854
-0.40332937684616477
-0.18366480007196673
-0.1976680737356794
-1.0
-0.1350794708022583
-1.0
-1.0
-1.0
-1.0
-0.01433614608254837
-1.0
-1.0
-1.0
-1.0
-0.1739176974629289
-0.7775004113773503
-0.7795125687230496
-1.0
-1.0
-0.024722348865742788
-1.0
-1.0
-1.0
-1.0
-1.0
-1.0
-0.44630832810157717
-1.0
-1.0
-1.0
-1.0
-1.0
-1.0
-1.0
-1.0
-0.028962531324823834
-1.0
-1.0
-0.2155254832431902
-1.0
-1.0
-1.0
-1.0
-0.2179898359858273
-0.1682255288338227
-1.0
-0.3975035472889011
-1.0
-0.25420493623717166
-1.0
-1.0
-1.0
-0.15215733194331826
-1.0
-1.0
-0.8821712063713542
-1.0
-1.0
-0.5071010396812253
-1.0
-0.4021241351071653
-1.0
-1.0
-1.0
-1.0
-0.0037811292427609774
-1.0
-1.0
-1.0
-1.0
-0.09231160880293426
-1.0
-1.0
-0.169329584280961
-1.0
-1.0
-0.05625041808432254
-1.0
-1.0
-1.0
-1.0
-0.25525597815269685
-0.7501574542525911
-1.0
-0.203679568350801
-0.6813718430612095
-1.0
-0.691295235980684
-1.0
-1.0
-0.009243637153213335
-1.0
-1.0
-1.0
-1.0
-1.0
-0.7992890381730184
-0.27484659153247376
-0.79695549369769
-1.0
-1.0
-1.0
-1.0
-1.0
-1.0
-1.0
-1.0
-1.0
-1.0
-1.0
-0.07119355177053216
-1.0
-1.0
-0.2727629857930185
-1.0
-1.0
-1.0
-1.0
-1.0
-1.0
-1.0
-1.0
-0.1402537191591682
-1.0
-1.0
-1.0
-1.0
-0.884493063501273
-0.31078862464566687
-1.0
-0.18064391418316883
-0.6356462061318006
-0.2935252802193492
-0.456607754139037
-1.0
-1.0
-0.10580564530091002
-1.0
-1.0
-0.45831368670887546
-1.0
-1.0
-0.7652152583588261
-1.0
-0.42824442712308713
-1.0
-0.3080151168905276
-0.3961742665432974
-0.24566281236098816
-0.058783738759464216
-0.6679082076624444
-0.41770716715037404
-0.6446883546552877
-1.0
-1.0
-0.9902141694981083
-1.0
-1.0
-1.0
-1.0
-1.0
-1.0
-1.0
-1.0
-0.18245340453332073
-1.0
-0.7586642087520831
-1.0
-0.2738113982519842
-1.0
-0.13415694327888392
-0.5265868274488023
-0.44463146093609185
-1.0
-1.0
-1.0
-1.0
-0.812523450230418
-1.0
-1.0
-1.0
-0.6755546804699487
-1.0
-1.0
-1.0
-1.0
-0.2558698768652098
-1.0
-1.0
-1.0
-1.0
-0.3658202816318031
-1.0
-1.0
-0.8022354406883812
-1.0
-1.0
-1.0
-1.0
-0.3652135865801325
-1.0
-1.0
-1.0
-1.0
-0.1118193517301601
-0.3980524851549996
-0.2449280496560991
-1.0
-0.7512646301582071
-1.0
-1.0
-1.0
-1.0
-0.6391048656576177
-1.0
-1.0
-1.0
-1.0
-1.0
-0.11891496556734747
-1.0
-0.49606369501900915
-1.0
-1.0
-1.0
-1.0
-0.3723646000511417
-1.0
-0.30914991146529486
-1.0
-1.0
-1.0
-1.0
-1.0
-1.0
-1.0
-1.0
-1.0
-1.0
-1.0
-1.0
-1.0
-1.0
-1.0
-1.0
-1.0
-1.0
-0.0723627766316877
-1.0
-1.0
-0.1253827825234015
-0.41428563973226434
-0.7451385237897857
-1.0
-0.6697107334289437
-0.5041338084573409
-0.8974144625304193
-0.11861078024393742
-0.5046037872208103
-1.0
-0.0955364869627288
-1.0
-1.0
-0.6571469845748683
-1.0
-1.0
-1.0
-1.0
-0.3724358224657044
-0.42442397844731755
-1.0
-1.0
-1.0
-1.0
-1.0
-0.15653192874664063
-0.39696178802684184
-0.7094701345638995
-1.0
-1.0
-1.0
-1.0
-0.08335584428985615
-1.0
-1.0
-1.0
-1.0
-0.9055707239042776
-1.0
-1.0
-1.0
-1.0
-1.0
-1.0
-1.0
-1.0
-1.0
-0.5040158788731025
-1.0
-0.18722071534108842
-0.28988389137715076
-0.5419767296276379
-1.0
-1.0
-1.0
-1.0
-0.9076982054877233
-1.0
-1.0
-1.0
-0.36303345603127163
-1.0
-0.6885046404970454
-1.0
-1.0
-1.0
-0.7623684222836344
-1.0
-1.0
-1.0
-1.0
-1.0
-0.35166462327743736
-1.0
-1.0
-1.0
-1.0
-0.7247770071985619
-1.0
-1.0
-1.0
-1.0
-1.0
-1.0
-1.0
-0.2090029275712317
-1.0
-1.0
-1.0
-1.0
-0.5796041067706096
-1.0
-0.2519808320076019
-1.0
-1.0
-1.0
-1.0
-1.0
-0.09469725593622619
-1.0
-1.0
-0.7117254002635404
-1.0
-1.0
-1.0
-0.18260396602757378
-1.0
-0.864245537698053
-0.8494083056459881
-1.0
-0.350331628928292
-0.20108611399470305
-1.0
-0.6585444388647436
-1.0
-0.14414757695322933
-0.4252668030078574
-1.0
-1.0
-1.0
-1.0
-0.17567654192260287
-0.25053712723591587
-1.0
-0.05445001523320831
-1.0
-0.3104844541798456
-0.11370288151007482
-1.0
-1.0
-1.0
-1.0
-1.0
-1.0
-1.0
-1.0
-0.09237179992829564
-1.0
-0.3389767055151843
-1.0
-1.0
-1.0
-1.0
-0.05539550715001036
-1.0
-1.0
-1.0
-1.0
-1.0
-1.0
-0.7623866151337441
-1.0
-1.0
-0.339704812221599
-1.0
-1.0
-0.5193864933333123
-1.0
-1.0
-1.0
-0.624629518557731
-1.0
-1.0
-1.0
-0.07621746413672495
-1.0
-1.0
-1.0
-1.0
-1.0
-1.0
-1.0
-1.0
-1.0
-0.5553360337607703
-0.5485545381427197
-0.7548956813380692
-0.38441770364197064
-0.08411823379690556
-1.0
-1.0
-1.0
-1.0
-0.5216004736326482
-0.0018775665335473667
-1.0
-0.7996107569160726
-1.0
-1.0
-1.0
-1.0
-0.6218226622041996
-1.0
-0.13327282115059225
-1.0
-1.0
-0.031837117344464295
-0.18574921889902882
-1.0
-1.0
-0.20804962924737852
-1.0
-0.47874003726926245
-1.0
-1.0
-1.0
-0.5787455593776537
-0.3188761229801237
-0.2932609906301803
-0.2889744603384343
-0.7652165197660955
-1.0
-1.0
-0.11557826070128295
-1.0
-1.0
-0.9739946971298425
-1.0
-0.5902302180780822
-1.0
-0.15080001079650207
-1.0
-1.0
-0.8636419437888762
-1.0
-1.0
-1.0
-1.0
-1.0
-1.0
-1.0
-1.0
-1.0
-1.0
-1.0
-1.0
-1.0
-1.0
-0.94685198887538
-1.0
-1.0
-1.0
-1.0
-1.0
-1.0
-1.0
-1.0
-1.0
-1.0
-1.0
-0.2204889247917955
-1.0
-0.05799037084714815
-1.0
-1.0
-1.0
-0.07142352094408091
-0.8952510983018808
-1.0
-1.0
-1.0
-1.0
-1.0
-0.04723581532742624
-1.0
-1.0
-0.3047051678193203
-1.0
-1.0
-0.09823368990723663
-0.7178218043368125
-1.0
-1.0
-0.09222058258672093
-0.8534134780933881
-0.3481820947676002
-1.0
-1.0
-0.07825279989512043
-1.0
-1.0
-0.23390267762922937
-1.0
-1.0
-0.44249856914226904
-0.27439898948393043
-1.0
-0.6891581740129558
-1.0
-1.0
-1.0
-1.0
-1.0
-1.0
-0.6365504833074902
-1.0
-1.0
-0.4619083956798296
-1.0
-1.0
-1.0
-0.7244245922523231
-1.0
-1.0
-1.0
-0.18019403375247645
-1.0
-0.26347688012580844
-1.0
-1.0
-1.0
-1.0
-0.020792342928307783
-0.2356460034741429
-0.32452276327944757
-0.0631499684602123
-0.9573380872754096
-1.0
-0.2503472690800341
-1.0
-1.0
-1.0
-1.0
-0.4458822883655136
-1.0
-1.0
-1.0
-0.6956399945675675
-0.3399489570089106
-1.0
-1.0
-1.0
-1.0
-1.0
-1.0
-0.023108205557770024
-1.0
-1.0
-1.0
-0.7202163979644226
-1.0
-1.0
-0.5517065957138765
-1.0
-1.0
-1.0
-0.5333204855160414
-1.0
-0.00039769129879127507
-0.2644994317888142
-1.0
-1.0
-0.31503537889016286
-1.0
-1.0
-1.0
-0.2096539901428064
-0.7671306011880777
-1.0
-0.1730018166856917
-0.03102672939631282
-1.0
-1.0
-0.4740942851616629
-1.0
-1.0
-1.0
-1.0
-1.0
-1.0
-1.0
-0.8238062768336807
-1.0
-0.0647386095383658
-1.0
-0.20278195793598136
-1.0
-1.0
-0.17369919637626743
-1.0
-1.0
-1.0
-1.0
-1.0
-0.17399800144549887
-1.0
-1.0
-1.0
-1.0
-0.17633375010803604
-0.26723416806897576
-0.11030777413499497
-1.0
-1.0
-1.0
-0.43821652347863055
-1.0
-1.0
-1.0
-0.42652461923386575
-1.0
-0.7594704261984181
-1.0
-1.0
-1.0
-1.0
-1.0
-0.5647279502251762
-1.0
-0.026507690927716918
-1.0
-0.07247551759657814
-1.0
-0.24886541675450055
-0.5730999932769142
-1.0
-1.0
-0.2524424294279388
-1.0
-1.0
-1.0
-0.8591295493700706
-1.0
-1.0
-0.7180910773462542
-1.0
-1.0
-0.014639724289397587
-0.27620884547253566
-1.0
-0.8413501282030715
-1.0
-1.0
-1.0
-1.0
-1.0
-1.0
-0.2556655509359869
-1.0
-0.8296131670538255
-0.3968754806065367
-0.25713706236871053
-1.0
-1.0
-1.0
-0.48474091877624204
-1.0
-0.12616868598048941
-1.0
-1.0
-1.0
-1.0
-0.5002789425899918
-1.0
-0.02605833249462147
-1.0
-0.8422568694660181
-1.0
-1.0
-1.0
-1.0
-1.0
-1.0
-1.0
-1.0
-1.0
-1.0
-0.4300849497948027
-1.0
-1.0
-1.0
-0.9522047735888232
-1.0
-1.0
-1.0
-1.0
-0.4630409256753655
-1.0
-0.20612456421144626
-0.7604489777967284
-1.0
-1.0
-1.0
-1.0
-1.0
-0.49982593646240914
-0.2021393156655758
-1.0
-1.0
-1.0
-0.7218847102056677
-1.0
-1.0
-1.0
-1.0
-1.0
-1.0
-1.0
-1.0
-1.0
-0.18102258893854453
-0.29944301155008834
-1.0
-1.0
-1.0
-0.061702540852937575
-1.0
-1.0
-1.0
-1.0
-1.0
-1.0
-0.4621132313039899
-0.985582001878973
-1.0
-1.0
-0.23649078809359997
-1.0
-0.14155206649591376
-0.3986381231457197
-1.0
-0.06345926997558096
-1.0
-1.0
-1.0
-1.0
-1.0
-1.0
-1.0
-0.28759866143227353
-1.0
-1.0
-1.0
-1.0
-0.14589009532957445
-1.0
-1.0
-0.08897329334828441
-1.0
-1.0
-1.0
-1.0
-1.0
-0.15625256749119548
-0.6849677313880225
-1.0
-1.0
-1.0
-1.0
-0.9675555330190051
-1.0
-1.0
-0.5608627298352781
-0.09602272576280496
-1.0
-1.0
-1.0
-0.48586876013362174
-1.0
-0.4401660887640324
-1.0
-0.15363445205431642
-0.7073557097861543
-1.0
-1.0
-1.0
-0.43010033839774753
-0.32226240112132787
-0.5098821507091295
-0.5287076610205609
-1.0
-0.2907724799496379
-1.0
-1.0
-1.0
-0.5158600680459531
-0.5617034701891592
-1.0
-1.0
-0.5380689160617057
-1.0
-1.0
-0.11101025069582914
-1.0
-1.0
-1.0
-1.0
-1.0
-1.0
-1.0
-1.0
-1.0
-1.0
-1.0
-0.15199474443126157
-0.44189280988917806
-0.5116809730811572
-0.7848800909441084
-0.4699900645060689
-1.0
-0.5193560179514618
-1.0
-1.0
-0.8711987505805732
-1.0
-0.4258634826229039
-0.23724688026167454
-1.0
-1.0
-1.0
-1.0
-1.0
-1.0
-1.0
-1.0
-1.0
-0.6586996528991785
-1.0
-1.0
-0.27753054431317026
-1.0
-1.0
-0.42790829696602745
-0.8227328234604492
-1.0
-1.0
-0.18381153712978493
-1.0
-0.2565823331849085
-1.0
-1.0
-1.0
-1.0
-1.0
-1.0
-1.0
-0.0675649240235576
-0.5376038181797125
-1.0
-0.05259117912318354
-1.0
-0.9421781417506817
-1.0
-1.0
-1.0
-1.0
-0.9937789235837421
-1.0
-1.0
-1.0
-1.0
-1.0
-1.0
-0.36651410671281226
-1.0
-1.0
-1.0
-1.0
-1.0
-1.0
-1.0
-1.0
-1.0
-1.0
-1.0
-1.0
-1.0
-0.8223512667927532
-1.0
-1.0
-0.4085385898585315
-1.0
-0.3073390733665052
-1.0
-1.0
-0.2666186953112599
-1.0
-1.0
-0.8053010575099508
-1.0
-0.11357551308469642
-1.0
-1.0
-0.8762983903900105
-0.1233592899670636
-1.0
-1.0
-0.35299026996836197
-1.0
-0.9565670986651874
-1.0
-1.0
-1.0
-0.7213818271972798
-1.0
-0.8605420488219646
-1.0
-1.0
-0.2767247835699537
-1.0
-1.0
-1.0
-0.8492095091880838
-1.0
-0.46890506458692877
-1.0
-1.0
-0.37487479455218364
-1.0
-0.06932906353280979
-1.0
-0.052910418066771686
-1.0
-1.0
-0.03791345557292912
-1.0
-0.8042245319147687
-1.0
-0.9063297195826492
-0.762603347798469
-0.43727378367864195
-1.0
-0.9756174249895704
-1.0
-1.0
-0.2898570342440145
-1.0
-0.3365370566696989
-0.7768367454983776
-1.0
-1.0
-1.0
-1.0
-1.0
-1.0
-1.0
-1.0
-0.07151878080866096
-1.0
-1.0
-1.0
-0.884037851539417
-1.0
-0.3375192747672704
-1.0
-0.5668975700467359
-1.0
-1.0
-1.0
-1.0
-1.0
-1.0
-0.6980764125780629
-1.0
-0.03050203102477514
-1.0
-1.0
-0.23492442383166526
-0.2460306728546047
-1.0
-0.1420754769277987
-0.12318527896643257
-1.0
-0.9392906110903434
-1.0
-1.0
-1.0
-1.0
-0.6721844431194645
-1.0
-1.0
-1.0
-1.0
-1.0
-1.0
-0.36305956319626137
-1.0
-1.0
-1.0
-0.7757731754012663
-0.73397700420299
-0.7259145741552718
-1.0
-1.0
-0.9438945134673694
-1.0
-1.0
-1.0
-1.0
-1.0
-1.0
-0.612515158366853
-1.0
-0.7234573740769187
-1.0
-1.0
-0.37904569613351086
-0.0709286506192906
-0.30553594161926645
-0.29473363927065704
-1.0
-0.2071511325368885
-1.0
-0.7746044718750525
-0.6885720794383995
-0.02386572830993827
-0.14476704601473803
-1.0
-0.8525354903818226
-1.0
-1.0
-1.0
-1.0
-1.0
-1.0
-1.0
-1.0
-0.22762610895133187
-0.09959783721624918
-1.0
-1.0
-0.07699609215860122
-1.0
-0.3084512786364211
-1.0
-0.2073972332734842
-1.0
-1.0
-1.0
-0.34249921433502123
-1.0
-1.0
-1.0
-1.0
-1.0
-1.0
-1.0
-1.0
-1.0
-1.0
-1.0
-0.2038450768628512
-1.0
-1.0
-1.0
-1.0
-0.7469375117885053
-0.30369379268367847
-1.0
-0.08496237250392112
-0.49574023373080484
-1.0
-1.0
-1.0
-1.0
-1.0
-0.40924472368074666
-1.0
-1.0
-1.0
-1.0
-0.7457367489329936
-0.10770880822183128
-1.0
-1.0
-1.0
-1.0
-0.9524871966458425
-1.0
-1.0
-1.0
-1.0
-0.018654554387631986
-1.0
-1.0
-1.0
-1.0
-0.9647798463029231
-1.0
-1.0
-1.0
-1.0
-1.0
-1.0
-1.0
-0.11964915306416507
-1.0
-1.0
-1.0
-1.0
-1.0
-0.28201351244036055
-1.0
-1.0
-1.0
-1.0
-1.0
-0.5775752963087714
-0.4647009185461328
-1.0
-1.0
-0.19550737165079876
-1.0
-1.0
-1.0
-1.0
-0.23748596573210493
-1.0
-0.10338165443484507
-0.1233981607052857
-0.2942891734057943
-1.0
-1.0
-0.48482188136867
-1.0
-0.5794379140678805
-1.0
-1.0
-1.0
-1.0
-1.0
-1.0
-1.0
-1.0
-1.0
-0.09148488429710772
-0.023070139666325283
-1.0
-1.0
-0.1886813348681891
-1.0
-1.0
-1.0
-1.0
-1.0
-0.7360666798211206
-0.43891776135726807
-1.0
-1.0
-1.0
-0.7799108305885243
-0.7960925583449677
-1.0
-1.0
-0.6393064938635425
-0.29254491197922766
-1.0
-1.0
-1.0
-1.0
-1.0
-0.3919257429352241
-0.4328674504905908
-1.0
-1.0
-1.0
-1.0
-1.0
-1.0
-1.0
-0.004328100433604543
-1.0
-1.0
-0.0914122781893385
-1.0
-1.0
-0.07085519668668191
-0.14955783219256302
-0.33657740086799576
-1.0
-1.0
-0.5643085068351319
-1.0
-0.9825794348163854
-0.7235222922484872
-1.0
-1.0
-1.0
-0.10291898487941996
-1.0
-1.0
-1.0
-1.0
-1.0
-0.574389829078868
-0.0078050817061272
-1.0
-1.0
-0.14770297596508053
-0.3878791078322776
-0.88236406967674
-1.0
-0.01201022786579151
-1.0
-1.0
-1.0
-1.0
-1.0
-1.0
-0.3982165923256702
-0.11359811034978504
-1.0
-0.9702871093922926
-1.0
-1.0
-1.0
-1.0
-1.0
-1.0
-1.0
-0.7630594050816771
-1.0
-0.5109151682997036
-0.2783624224410948
-0.6501963971158118
-0.16928908185480407
-0.17538061277836556
-1.0
-0.07794561114862636
-1.0
-1.0
-1.0
-0.030037372243538914
-0.37604986279995023
-1.0
-1.0
-0.05276995244920445
-0.7958723770095706
-1.0
-0.668136142115323
-1.0
-1.0
-1.0
-1.0
-1.0
-1.0
-0.949396723736163
-1.0
-1.0
-0.7923227519070587
-0.7427297242563123
-1.0
-1.0
-0.5474803951508593
-1.0
-1.0
-1.0
-1.0
-0.10183963324822633
-0.39495557222751476
-1.0
-0.29614027139271215
-1.0
-1.0
-0.8275031720507875
-0.10540398460164654
-1.0
-0.765516979480606
-1.0
-1.0
-0.2319959901701854
-1.0
-0.6858749055512324
-1.0
-1.0
-1.0
-0.07587952139167305
-1.0
-1.0
-1.0
-1.0
-1.0
-0.8130645687208079
-1.0
-1.0
-0.22425684987015385
-0.3415219193488697
-0.20104400453649593
-1.0
-0.17339144094364894
-1.0
-1.0
-1.0
-1.0
-0.07415095658997861
-0.8257035414960343
-0.03194116984562674
-1.0
-1.0
-0.14185692504168174
-0.830618756114284
-0.8724106356244664
-1.0
-0.3197262185509265
-0.14029559517423953
-1.0
-0.6691741670428446
-1.0
-1.0
-1.0
-1.0
-1.0
-1.0
-1.0
-1.0
-1.0
-0.6233246664905042
-1.0
-0.22222873922771091
-1.0
-1.0
-1.0
-1.0
-0.5900684140759761
-1.0
-0.25335985037720044
-1.0
-0.17541962970901592
-0.04102498162431513
-1.0
-0.5670511296603851
-1.0
-1.0
-1.0
-1.0
-0.6582459779136065
-1.0
-1.0
-1.0
-1.0
-1.0
-1.0
-1.0
-1.0
-0.11702416000439232
-1.0
-1.0
-0.46408246608405074
-1.0
-0.0027620920495700684
-0.1242991100511746
-1.0
-0.4108538658935081
-1.0
-1.0
-1.0
-1.0
-1.0
-1.0
-0.2670157954851437
-0.4788154734147513
-1.0
-0.03998999826736771
-1.0
-1.0
-0.21111485840515531
-1.0
-1.0
-1.0
-0.2157919455676722
-1.0
-0.02784841033194963
-0.1495676141817982
-0.5238645316424592
-0.9939150578803512
-1.0
-0.6771517092412166
-1.0
-1.0
-0.8084117152941298
-1.0
-1.0
-0.07969546514327847
-1.0
-1.0
-1.0
-1.0
-0.7752553078688555
-1.0
-1.0
-1.0
-1.0
-1.0
-1.0
-1.0
-1.0
-1.0
-1.0
-0.6163538274863526
-1.0
-0.18583069911160746
-0.6807608154989496
-1.0
-1.0
-0.7996505347020089
-0.9485115438490572
-1.0
-0.15155165515495417
-0.2546894613057692
-1.0
-1.0
-0.2299946414536522
-1.0
-0.6288492405641932
-1.0
-0.28446911577005063
-1.0
-1.0
-1.0
-1.0
-0.46780465149216177
-1.0
-0.8534554658934094
-1.0
-1.0
-1.0
-1.0
-1.0
-0.3764681286113696
-1.0
-1.0
-1.0
-1.0
-1.0
-1.0
-1.0
-0.9688266392106374
-1.0
-0.9706698708886048
-1.0
-1.0
-1.0
-1.0
-0.3841023119376447
-0.5106150582244279
-1.0
-0.5228363850817651
-1.0
-1.0
-1.0
-1.0
-1.0
-1.0
-1.0
-1.0
-1.0
-1.0
-1.0
-0.2960329883227301
-1.0
-1.0
-1.0
-0.2576282752012352
-0.024535477388640068
-1.0
-1.0
-1.0
-1.0
-1.0
-0.4724732387506586
-1.0
-1.0
-0.26443379852622817
-1.0
-0.9180255462703898
-0.5786224912171117
-1.0
-0.2732132966044175
-0.4772278727760084
-1.0
-0.10291571597318037
-1.0
-1.0
-1.0
-1.0
-1.0
-0.7207202866466949
-0.4303853210628039
-1.0
-1.0
-1.0
-1.0
-0.579452781919726
-0.01412565570214924
-0.07626962317794028
-0.18334218336487929
-1.0
-0.40884174145482116
-1.0
-1.0
-1.0
-1.0
-0.2904866529568923
-1.0
-1.0
-1.0
-0.624042396266458
-1.0
-1.0
-1.0
-0.20626702288090606
-1.0
-1.0
-1.0
-1.0
-1.0
-1.0
-0.06082121618620667
-1.0
-0.11792833885888573
-0.6971861863991141
-1.0
-1.0
-1.0
-0.19872978040625414
-1.0
-1.0
-1.0
-0.42113263878680285
-1.0
-1.0
-1.0
-0.20807012794554872
-1.0
-0.5403192689316483
-0.1947952380016732
-1.0
-0.1411263483726372
-1.0
-1.0
-0.5093595267491273
-0.07205683601582706
-1.0
-1.0
-0.6058288705175237
-0.6277911193120991
-0.4073786094248489
-0.7053948543897067
-1.0
-0.28474998771879273
-0.9890250264101532
-1.0
-1.0
-0.12329347639651314
-0.3089736154343617
-0.7254089937306119
-1.0
-0.4669245993445621
-1.0
-1.0
-1.0
-1.0
-1.0
-0.0016889998315243182
-1.0
-0.1697197459477932
-0.14814350120829126
-1.0
-1.0
-1.0
-1.0
-0.33182750342308315
-1.0
-1.0
-0.9355103767844573
-0.523245723495102
-0.8342611283301918
-1.0
-0.5276587383606467
-1.0
-0.7944657425130979
-1.0
-1.0
-1.0
-0.2778184925316844
-0.9524725546468276
-1.0
-1.0
-1.0
-1.0
-1.0
-0.09325980799440518
-1.0
-1.0
-0.3313954925219923
-1.0
-1.0
-1.0
-1.0
-1.0
-0.9904938987944366
-1.0
-0.016563785283816804
-1.0
-0.046881093726230144
-1.0
-1.0
-1.0
-1.0
-1.0
-0.3799904975779911
-1.0
-1.0
-1.0
-1.0
-1.0
-0.02228849273985657
-1.0
-1.0
-1.0
-1.0
-1.0
-1.0
-1.0
-0.07161456022708589
-0.8023476425561374
-1.0
-1.0
-1.0
-0.9344406451519812
-0.047692029739037765
-1.0
-1.0
-1.0
-1.0
-0.7658600218936824
-0.6631341200847094
-1.0
-0.07074865864302346
-1.0
-1.0
-1.0
-1.0
-1.0
-1.0
-0.5710870829874629
-1.0
-0.17974702434602338
-1.0
-0.1999232542408514
-0.28082127199224916
-1.0
-1.0
-1.0
-1.0
-1.0
-0.2700970667703029
-0.5383338798324219
-0.3639082678659173
-1.0
-0.2663524523682074
-1.0
-0.2613961391437185
-1.0
-1.0
-1.0
-1.0
-1.0
-1.0
-0.85541465487394
-0.1564089823130471
-0.3934843237161356
-0.07735973253429884
-1.0
-1.0
-0.4621162666902471
-1.0
-0.43035295602556944
-1.0
-1.0
-0.42732118900477173
-1.0
-1.0
-1.0
-1.0
-1.0
-1.0
-1.0
-0.07906069834949231
-1.0
-1.0
-0.364280614142164
-0.018024568150885198
-0.14234294636174813
-1.0
-1.0
-0.937878010597127
-0.6029394340685408
-1.0
-1.0
-0.39690654581645823
-0.6975087547444723
-1.0
-1.0
-1.0
-0.9791667576305871
-0.20266884286006498
-0.020731749063488226
-1.0
-1.0
-0.35167880959826947
-1.0
-0.12154783239094541
-1.0
-1.0
-0.42391408122201535
-1.0
-1.0
-1.0
-1.0
-1.0
-1.0
-1.0
-0.23158601737122467
-0.3479089707404616
-1.0
-1.0
-1.0
-1.0
-1.0
-0.18820014472003813
-1.0
-0.007270497358832704
-1.0
-1.0
-1.0
-0.12587680330315865
-1.0
-1.0
-1.0
-1.0
-1.0
-0.497033034016059
-0.7547609302109296
-1.0
-1.0
-1.0
-1.0
-1.0
-0.5152834065259208
-0.5285502747292693
-1.0
-0.34781118509174136
-1.0
-1.0
-1.0
-1.0
-1.0
-1.0
-1.0
-1.0
-1.0
-1.0
-1.0
-1.0
-1.0
-1.0
-1.0
-1.0
-1.0
-1.0
-1.0
-1.0
-1.0
-1.0
-1.0
-1.0
-1.0
-0.060600233050512445
-0.994740182334603
-1.0
-1.0
-0.13588133933273003
-1.0
-1.0
-1.0
-1.0
-1.0
-1.0
-1.0
-1.0
-1.0
-1.0
-1.0
-0.02533861522284384
-1.0
-1.0
-1.0
-1.0
-0.5381345244801636
-0.06527082147449287
-1.0
-1.0
-1.0
-1.0
-1.0
-0.5215883555240505
-1.0
-1.0
-0.02271195255589298
-1.0
-1.0
-1.0
-0.7441249817299358
-1.0
-1.0
-1.0
-1.0
-1.0
-1.0
-0.20293851890587852
-1.0
-0.19539467894106138
-1.0
-1.0
-1.0
-1.0
-1.0
-1.0
-1.0
-1.0
-0.20882517807149867
-0.24813334629630698
-1.0
-0.23482700912319324
-1.0
-0.17650725596426334
-1.0
-0.0920118167142868
-1.0
-0.40119171748584753
-0.7067916104112596
-1.0
-0.9917547014048373
-0.6138691200933145
-1.0
-0.1754642208082477
-1.0
-1.0
-0.6895445648685898
-0.581551622238378
-1.0
-1.0
-1.0
-1.0
-1.0
-1.0
-1.0
-1.0
-1.0
-1.0
-1.0
-1.0
-1.0
-1.0
-1.0
-1.0
-1.0
-1.0
-0.7032544556593155
-0.9667037606093962
-0.19986211462100026
-1.0
-1.0
-0.9638772609600103
-0.034338560147735335
-1.0
-1.0
-1.0
-0.9065696303467555
-1.0
-1.0
-0.2883509418481918
-0.5774761692767204
-0.6731897064027901
-0.25856846252978916
-0.2184831420102553
-1.0
-1.0
-0.05800473996936378
-1.0
-0.453112622837502
-1.0
-1.0
-1.0
-0.19511519528168605
-1.0
-1.0
-1.0
-0.9711472341463468
-0.04398909562455023
-1.0
-1.0
-1.0
-0.6114482135561343
-1.0
-1.0
-1.0
-0.2961702336312841
-0.6707948394820298
-1.0
-1.0
-0.08222455116486037
-1.0
-1.0
-0.08304765683765734
-1.0
-1.0
-1.0
-0.3258256604734839
-0.06411261439555559
-1.0
-1.0
-1.0
-1.0
-1.0
-1.0
-1.0
-1.0
-1.0
-0.20526867117034295
-1.0
-0.3506784382567908
-1.0
-0.3477765021450141
-1.0
-1.0
-1.0
-0.47213605865623953
-0.09016065472928028
-1.0
-0.9428077762322102
-0.6672947005484058
-1.0
-0.9313077243604636
-1.0
-0.15860327954097564
-1.0
-0.9369190760753981
-1.0
-1.0
-1.0
-0.7093821719934744
-1.0
-1.0
-0.5919185426857275
-1.0
-0.36348011705918837
-0.09223593918052253
-1.0
-1.0
-1.0
-1.0
-1.0
-1.0
-1.0
-1.0
-0.9815089391465855
-1.0
-1.0
-0.8330049988135948
-1.0
-1.0
-1.0
-0.896347296176391
-0.13581778420955706
-1.0
-1.0
-0.2907083034212225
-1.0
-0.5391026123984746
-0.47344347874396303
-1.0
-1.0
-0.2456066589756888
-0.09525530944767485
-0.8633692596572917
-1.0
-1.0
-1.0
-1.0
-1.0
-1.0
-0.040035070201658654
-1.0
-1.0
-1.0
-1.0
-1.0
-1.0
-0.04593915964859356
-0.06805625096861236
-0.804604001954824
-1.0
-0.3527405590926103
-1.0
-1.0
-0.1263784870934321
-1.0
-0.9621284947877513
-1.0
-1.0
-0.9313114593052401
-1.0
-0.028394733382544515
-1.0
-1.0
-1.0
-1.0
-1.0
-1.0
-1.0
-1.0
-0.4063999405128809
-0.911654238652063
-1.0
-1.0
-1.0
-1.0
-1.0
-1.0
-1.0
-1.0
-0.9205184447237909
-1.0
-1.0
-1.0
-1.0
-1.0
-0.5254631268727301
-1.0
-0.9465323793640181
-0.270405498009533
-0.3151785154291955
-0.96865785236766
-0.08236854343833167
-1.0
-1.0
-1.0
-1.0
-0.2138060215955718
-1.0
-0.6404634704975992
-0.47526037115631525
-0.019203801687510874
-1.0
-1.0
-1.0
-1.0
-1.0
-1.0
-1.0
-1.0
-1.0
-1.0
-1.0
-1.0
-0.7941636224464447
-1.0
-1.0
-1.0
-0.10100154709487563
-1.0
-1.0
-0.08211247732436427
-1.0
-1.0
-1.0
-0.10245003521876411
-0.44086250341242855
-1.0
-0.5033682382258257
-1.0
-0.33735109348305575
-0.8264174303693371
-0.12308431601205966
-1.0
-1.0
-0.8142342055193669
-1.0
-1.0
-1.0
-1.0
-1.0
-1.0
-1.0
-1.0
-1.0
-0.5751702907791644
-1.0
-1.0
-1.0
-1.0
-0.1859472022367479
-0.09125961740088871
-0.27649509573912057
-0.29138227996074056
-1.0
-0.9689489669894371
-1.0
-1.0
-1.0
-1.0
-0.15974446550787136
-0.07197530318882553
-1.0
-1.0
-1.0
-1.0
-0.9014992252002
-0.10496703836651287
-1.0
-1.0
-1.0
-1.0
-1.0
-0.8321679006360637
-1.0
-1.0
-0.9777969393839108
-1.0
-1.0
-0.43247529258550355
-0.05647324142337796
-1.0
-0.3624618465073838
-0.25930129518482364
-0.20195148981445607
-1.0
-0.08452039626774561
-1.0
-1.0
-1.0
-1.0
-0.705530682956896
-0.0035147975262622986
-0.7029269770638892
-1.0
-1.0
-1.0
-1.0
-1.0
-0.6305272552166792
-1.0
-0.13892683797498187
-1.0
-1.0
-0.29389356802496797
-1.0
-1.0
-1.0
-1.0
-1.0
-1.0
-1.0
-1.0
-1.0
-1.0
-1.0
-1.0
-0.2093920055579542
-1.0
-1.0
-1.0
-1.0
-1.0
-0.10444934240175276
-1.0
-1.0
-1.0
-1.0
-1.0
-1.0
-1.0
-1.0
-0.9510010507065035
-1.0
-1.0
-0.9764623641208683
-0.09694703523732556
-0.9133572888570402
-1.0
-1.0
-1.0
-0.7059949497284372
-0.6597566859047465
-0.21683431305828305
-0.5336324666150009
-1.0
-1.0
-0.24577028412789553
-1.0
-1.0
-0.01137436401323442
-1.0
-0.9975451670999252
-1.0
-1.0
-1.0
-1.0
-1.0
-0.5949206067739788
-0.7188573909445151
-1.0
-1.0
-1.0
-1.0
-0.5604574300455973
-1.0
-1.0
-1.0
-1.0
-1.0
-1.0
-1.0
-0.5361733043446267
-1.0
-0.18413585683618425
-1.0
-0.4067493528736347
-1.0
-0.42089185466654744
-1.0
-0.9733428336589344
-1.0
-1.0
-0.9144961508873312
-1.0
-0.3137252282885004
-0.3599105223859105
-1.0
-0.45985030784633146
-0.09793065042482234
-1.0
-0.9695671836513544
-0.8350681306964638
-1.0
-0.21650616046458984
-1.0
-1.0
-1.0
-0.2755857798321763
-1.0
-0.499937927169331
-1.0
-1.0
-1.0
-1.0
-1.0
-1.0
-1.0
-1.0
-0.2835493195137561
-0.9220598408576577
-1.0
-1.0
-1.0
-1.0
-1.0
-1.0
-1.0
-0.7992357005007525
-1.0
-1.0
-1.0
-1.0
-1.0
-1.0
-0.45837273743779794
-1.0
-1.0
-1.0
-1.0
-1.0
-1.0
-0.9850962299049516
-0.3924856840791617
-1.0
-0.3407653826310556
-1.0
-0.7165978231362011
-1.0
-0.560999219665492
-1.0
-1.0
-1.0
-1.0
-1.0
-1.0
-0.11802761605569323
-0.6906476340729705
-1.0
-0.9536730043595187
-1.0
-1.0
-1.0
-1.0
-0.7034694139159114
-1.0
-0.9106242399335323
-1.0
-1.0
-1.0
-1.0
-1.0
-1.0
-0.36602825380354054
-1.0
-0.014391252815215121
-0.4497939001439866
-1.0
-1.0
-0.2958354974341836
-0.2780998361462202
-1.0
-0.7568771841193621
-0.8825776483126243
-1.0
-1.0
-0.29454436208176626
-1.0
-1.0
-1.0
-1.0
-1.0
-1.0
-1.0
-1.0
-0.30652284666360374
-1.0
-1.0
-1.0
-0.8815625907962147
-1.0
-1.0
-0.17464751155307381
-1.0
-1.0
-1.0
-0.3227342892930531
-1.0
-0.732282358642019
-0.5756368485099536
-1.0
-1.0
-0.5742158099949298
-0.5199193532575929
-0.4145040911398353
-1.0
-1.0
-1.0
-1.0
-1.0
-1.0
-1.0
-0.9318850311360687
-1.0
-0.5267123445321612
-1.0
-1.0
-1.0
-1.0
-1.0
-1.0
-0.23015608944850854
-1.0
-1.0
-1.0
-0.41122269854384896
-0.3544040519601802
-1.0
-0.7533780660755036
-1.0
-1.0
-1.0
-1.0
-0.010633232051321138
-1.0
-1.0
-1.0
-1.0
-1.0
-1.0
-1.0
-1.0
-1.0
-0.0705109796902563
-0.9104325667142722
-0.7421466882886072
-1.0
-1.0
-1.0
-1.0
-0.0008829283447050094
-1.0
-1.0
-1.0
-1.0
-1.0
-1.0
-1.0
-1.0
-1.0
-0.7643408968666375
-0.28560453377701434
-0.8637960680940724
-1.0
-1.0
-1.0
-1.0
-0.008902919002957178
-1.0
-0.838591343970008
-1.0
-1.0
-0.15673939488650446
-1.0
-1.0
-1.0
-1.0
-0.3296623159339015
-1.0
-1.0
-0.07845613273853569
-1.0
-1.0
-1.0
-1.0
-1.0
-1.0
-1.0
-1.0
-1.0
-1.0
-0.6636349433865231
-0.24845894029284477
-0.5224557170107644
-0.7844845236974254
-1.0
-0.5510237993297235
-1.0
-1.0
-1.0
-1.0
-1.0
-1.0
-1.0
-1.0
-1.0
-1.0
-1.0
-1.0
-0.8099982917279769
-1.0
-1.0
-1.0
-1.0
-1.0
-1.0
-1.0
-1.0
-1.0
-1.0
-1.0
-1.0
-0.7269359920342073
-1.0
-1.0
-0.44169125530498826
-0.9749803751069132
-0.017208271171507392
-0.06507901766070169
-1.0
-1.0
-1.0
-1.0
-0.20764893741632184
-1.0
-1.0
-1.0
-1.0
-0.9226787523614509
-1.0
-0.21462731330099924
-1.0
-1.0
-0.20581278441776718
-0.72875438421251
-1.0
-1.0
-1.0
-1.0
-0.4928732987073071
-1.0
-1.0
-0.06245398279159917
-0.045115000449338874
-1.0
-1.0
-1.0
-1.0
-1.0
-1.0
-1.0
-1.0
-1.0
-1.0
-1.0
-1.0
-0.08400349583637741
-1.0
-0.28983798918041703
-1.0
-0.7985605229088724
-1.0
-1.0
-0.03395028397398828
-0.5139765825194803
-1.0
-0.24482024758799936
-0.7607149245136001
-1.0
-0.1617568823503142
-1.0
-1.0
-0.4109891537215737
-0.9639318935122172
-1.0
-0.03666322265507795
-1.0
-0.7391858366348375
-1.0
-1.0
-1.0
-0.35473747132154215
-1.0
-1.0
-1.0
-1.0
-0.09356073764380286
-0.510732510768659
-0.4927304503059826
-1.0
-1.0
-1.0
-1.0
-1.0
-1.0
-1.0
-1.0
-1.0
-0.05868163123729323
-1.0
-1.0
-0.2876051728038283
-0.2138384450778198
-0.5280291593969669
-1.0
-0.2492517468900463
-1.0
-1.0
-1.0
-1.0
-0.3209714826586753
-1.0
-1.0
-1.0
-0.6096221188591747
-1.0
-1.0
-1.0
-1.0
-1.0
-1.0
-1.0
-1.0
-0.367078409437717
-0.3073956185186445
-0.21178458126942515
-1.0
-0.20682201477976941
-1.0
-0.7342656591279998
-1.0
-1.0
-1.0
-0.07112253940561634
-1.0
-0.25594327096737657
-1.0
-1.0
-1.0
-0.20472842163506472
-1.0
-0.3877471191811365
-0.11385157966457074
-1.0
-1.0
-1.0
-1.0
-0.14914709526781467
-0.6233238118704483
-0.8396291386958731
-0.8067147461731442
-0.8864970706926942
-1.0
-0.047514117698446906
-1.0
-1.0
-1.0
-0.30452739689221103
-0.25062695427788095
-1.0
-1.0
-1.0
-0.3943233497792783
-0.249175117706087
-1.0
-1.0
-0.9198494316844422
-1.0
-1.0
-0.04998003360997806
-1.0
-0.16854167060518016
-1.0
-1.0
-1.0
-1.0
-1.0
-1.0
-1.0
-1.0
-1.0
-1.0
-0.41540727094325736
-0.5903808980656512
-1.0
-0.36894382411026594
-0.5381786562110615
-1.0
-1.0
-0.49524735759066013
-1.0
-1.0
-1.0
-0.0018545344535218318
-1.0
-1.0
-1.0
-1.0
-1.0
-1.0
-1.0
-1.0
-1.0
-0.3232320196706027
-1.0
-1.0
-1.0
-1.0
-1.0
-1.0
-1.0
-0.1354410776010819
-1.0
-0.1432605066465769
-1.0
-0.27794789829649014
-1.0
-1.0
-1.0
-1.0
-1.0
-0.6672213858799175
-1.0
-0.7144945789414009
-1.0
-0.846072504856648
-0.6856633604395181
-0.30456592557137496
-1.0
-0.6645671932073036
-0.6421049658782424
-1.0
-1.0
-1.0
-1.0
-1.0
-0.13940124594764178
-0.4375810259817581
-0.5123387101691715
-1.0
-1.0
-0.03929856500244921
-1.0
-1.0
-1.0
-1.0
-0.720165012915366
-1.0
-0.5870541340363574
-1.0
-0.6597130408488883
-0.38081532650295485
-1.0
-0.10410318932003422
-1.0
-1.0
-0.2850344825509477
-0.8855269261369526
-0.1798321797767901
-0.9064722670725172
-0.5045071827001959
-1.0
-1.0
-0.3651741679530707
-1.0
-1.0
-1.0
-1.0
-1.0
-1.0
-0.43398816170346877
-1.0
-1.0
-0.14541278918916115
-1.0
-1.0
-0.3670006977966133
-1.0
-1.0
-1.0
-1.0
-1.0
-1.0
-0.4244931309688395
-1.0
-0.4718573566617153
-0.6359291176890703
-1.0
-1.0
-1.0
-1.0
-1.0
-0.7281812008888163
-1.0
-0.06666847950809586
-0.05167072981993555
-0.43600507899330226
-0.9328265363898561
-0.5330063977706698
-1.0
-1.0
-0.44440014272504214
-1.0
-1.0
-1.0
-1.0
-1.0
-1.0
-1.0
-0.3641408317060321
-0.6445203129580048
-1.0
-0.41741845454791215
-0.4235692510736144
-1.0
-0.9945001209132093
-1.0
-0.10425694658107461
-1.0
-1.0
-1.0
-0.10549985614891065
-1.0
-1.0
-1.0
-1.0
-1.0
-1.0
-1.0
-0.49452817366184426
-0.5722210283712201
-1.0
-0.43604486801291337
-1.0
-1.0
-1.0
-1.0
-1.0
-1.0
-1.0
-0.3611165460244928
-1.0
-1.0
-1.0
-1.0
-1.0
-0.1763499094328433
-1.0
-1.0
-1.0
-1.0
-0.9709136929228126
-1.0
-1.0
-1.0
-0.6299473871118813
-1.0
-1.0
-1.0
-1.0
-1.0
-0.7277121111770921
-0.9999884619183578
-1.0
-1.0
-1.0
-1.0
-1.0
-0.3419834209220923
-0.6915055951272402
-1.0
-1.0
-0.883223259571921
-0.009301857380087483
-1.0
-1.0
-1.0
-1.0
-1.0
-1.0
-1.0
-1.0
-0.9750617296780795
-0.17928721910392356
-0.14345086897249598
-1.0
-1.0
-0.1757408197255164
-0.9422033206908551
-1.0
-0.42077515296301604
-1.0
-0.07641261677318505
-1.0
-1.0
-0.1876550913820423
-1.0
-1.0
-1.0
-0.2552146776509834
-1.0
-0.031026692378061778
-0.8968206581229228
-1.0
-1.0
-1.0
-0.22486728320151378
-1.0
-0.8726308001358267
-1.0
-0.4520440325219488
-1.0
-1.0
-1.0
-0.11173397494340705
-1.0
-1.0
-1.0
-1.0
-1.0
-1.0
-1.0
-1.0
-0.5372500869814488
-1.0
-1.0
-1.0
-1.0
-1.0
-1.0
-0.6884358824757222
-1.0
-0.047796645734665424
-1.0
-1.0
-0.7919981802397837
-0.626652351467332
-0.05326454144816481
-1.0
-1.0
-1.0
-1.0
1.0
1.0
1.0
1.0
1.0
1.0
1.0
1.0
1.0
0.5591992594770288
1.0
1.0
1.0
1.0
1.0
1.0
1.0
1.0
1.0
0.3629607395698057
1.0
1.0
1.0
1.0
1.0
1.0
1.0
1.0
0.9326242168818608
1.0
1.0
1.0
1.0
1.0
1.0
0.10142455138853478
1.0
1.0
1.0
0.6343493390449793
1.0
1.0
1.0
0.013580832274254686
1.0
1.0
0.8090487932258469
1.0
1.0
1.0
1.0
1.0
1.0
1.0
1.0
1.0
1.0
1.0
1.0
1.0
1.0
1.0
1.0
1.0
1.0
1.0
1.0
1.0
1.0
1.0
1.0
1.0
1.0
0.8514498546562309
1.0
1.0
1.0
1.0
1.0
1.0
0.49718984844968683
1.0
1.0
1.0
1.0
1.0
1.0
1.0
1.0
1.0
1.0
1.0
1.0
1.0
1.0
1.0
0.4615697597038813
1.0
0.9583826738886692
1.0
1.0
1.0
1.0
1.0
1.0
1.0
1.0
1.0
0.4649305201390723
1.0
1.0
1.0
0.7470248169382003
1.0
1.0
1.0
1.0
1.0
0.1553413246260941
1.0
1.0
1.0
1.0
1.0
1.0
0.345208888844292
1.0
1.0
0.7865035698461998
1.0
1.0
1.0
0.3975824866267778
1.0
1.0
1.0
1.0
0.3422443315460912
1.0
1.0
1.0
1.0
1.0
1.0
0.9544513667184576
0.251694157774491
1.0
1.0
0.6441231861310409
1.0
1.0
1.0
1.0
1.0
1.0
1.0
1.0
0.29453152872937755
1.0
1.0
1.0
1.0
1.0
1.0
1.0
1.0
1.0
0.8602813719764124
1.0
1.0
1.0
0.8035482939405935
1.0
1.0
0.9667970502525131
1.0
1.0
0.6688130327576824
1.0
1.0
0.546667621457857
1.0
1.0
0.5711808525266819
1.0
1.0
0.4021817839305587
1.0
0.21937394917777484
1.0
0.14394792663843067
1.0
1.0
1.0
1.0
1.0
1.0
0.6338494427696953
1.0
1.0
1.0
1.0
1.0
1.0
1.0
1.0
1.0
1.0
1.0
0.822846125020388
1.0
1.0
1.0
0.2480737939489654
1.0
1.0
1.0
1.0
1.0
1.0
1.0
1.0
1.0
1.0
1.0
1.0
1.0
1.0
1.0
0.9302900436687075
1.0
0.13771299851211566
1.0
1.0
1.0
1.0
1.0
1.0
0.41841903372744055
1.0
1.0
1.0
1.0
1.0
1.0
1.0
1.0
1.0
1.0
0.3014910500452409
1.0
1.0
1.0
1.0
1.0
1.0
1.0
1.0
1.0
1.0
1.0
1.0
1.0
0.31638495368566805
1.0
0.8209079599042347
1.0
1.0
1.0
1.0
0.5546930093396322
1.0
1.0
1.0
1.0
1.0
1.0
1.0
1.0
0.8224927259058998
1.0
1.0
1.0
0.4709098428652439
1.0
0.5523830854513916
0.7337200812343794
1.0
0.9556439489769251
1.0
0.9172498074511286
1.0
1.0
1.0
1.0
0.5628960265468745
1.0
1.0
1.0
1.0
1.0
1.0
1.0
1.0
1.0
1.0
1.0
1.0
0.947655913405249
0.7048878027279107
1.0
1.0
1.0
0.8538223867809122
1.0
1.0
0.0762958107343603
0.3070498080755265
0.9578247531013991
1.0
1.0
1.0
1.0
0.9396693051672051
1.0
1.0
1.0
1.0
1.0
1.0
1.0
1.0
0.9671288251102952
1.0
1.0
1.0
1.0
1.0
1.0
1.0
1.0
1.0
1.0
1.0
0.6155206901036729
1.0
1.0
1.0
0.5608431893219135
1.0
0.3566587900696111
1.0
1.0
1.0
1.0
1.0
0.9355056292936249
1.0
1.0
1.0
0.8451470268066923
1.0
1.0
0.4175412982132083
0.44215528962298434
1.0
0.2726246468914181
1.0
1.0
1.0
1.0
1.0
1.0
1.0
0.8770162828907543
1.0
1.0
1.0
1.0
1.0
1.0
1.0
1.0
1.0
1.0
0.5698009621159584
0.962755944610433
1.0
1.0
1.0
1.0
1.0
1.0
1.0
0.9661294374373053
0.3457065493358263
1.0
1.0
1.0
1.0
0.01908514801139639
1.0
1.0
1.0
1.0
1.0
0.7935719996352458
1.0
0.719546486995969
1.0
1.0
1.0
1.0
1.0
1.0
1.0
0.9255047491022032
1.0
1.0
0.9666913910625919
1.0
1.0
1.0
1.0
1.0
0.4959889769187209
1.0
1.0
1.0
0.27361781721918566
0.5984872152165609
1.0
1.0
1.0
0.6557113541344716
1.0
1.0
1.0
1.0
0.8766579060574653
1.0
0.4399288097255817
1.0
1.0
1.0
0.10305128679131192
1.0
1.0
1.0
1.0
0.22033742238203488
1.0
0.11280202381500327
1.0
1.0
1.0
1.0
1.0
1.0
0.41449098698350195
1.0
1.0
1.0
0.8569101359300023
1.0
1.0
1.0
1.0
1.0
1.0
1.0
0.01613176620592817
1.0
1.0
1.0
0.7340685758189505
1.0
0.3710878009128575
1.0
1.0
1.0
1.0
0.8592089829266054
0.35169460889762333
1.0
1.0
1.0
1.0
1.0
0.8894113927698912
1.0
1.0
1.0
1.0
1.0
0.9280806324471476
0.9405319992388972
1.0
1.0
1.0
1.0
1.0
1.0
1.0
1.0
1.0
0.4733765881585168
1.0
1.0
1.0
1.0
0.3718045695503475
1.0
0.7113114183806779
1.0
1.0
0.9210622435241798
0.9019338110073774
1.0
0.9626109978032296
1.0
1.0
1.0
1.0
1.0
1.0
1.0
1.0
1.0
1.0
1.0
1.0
1.0
1.0
1.0
1.0
1.0
1.0
1.0
1.0
1.0
1.0
1.0
1.0
1.0
1.0
0.284008600576183
1.0
1.0
1.0
1.0
1.0
1.0
1.0
1.0
1.0
1.0
0.7874980637112992
1.0
1.0
1.0
1.0
1.0
1.0
1.0
1.0
1.0
0.7445965936966241
1.0
0.5764212593515606
1.0
0.6288760591441942
1.0
1.0
1.0
1.0
1.0
1.0
1.0
1.0
1.0
1.0
1.0
1.0
1.0
1.0
0.8914627627555224
1.0
0.7708827132201411
1.0
1.0
1.0
1.0
1.0
0.6514862160388277
1.0
1.0
1.0
1.0
1.0
0.15098540047869027
1.0
0.6563639558301887
0.5899417057294761
1.0
1.0
1.0
1.0
1.0
1.0
1.0
1.0
1.0
1.0
1.0
1.0
1.0
1.0
1.0
1.0
1.0
1.0
1.0
1.0
1.0
1.0
1.0
1.0
1.0
1.0
0.8850152023997068
0.600574134594957
0.37631609086465934
1.0
1.0
1.0
0.9842575159865343
1.0
1.0
1.0
1.0
1.0
1.0
1.0
1.0
0.7667026079135616
1.0
1.0
1.0
0.8896285286582534
1.0
1.0
0.9666684399318953
1.0
1.0
0.7633881843085972
1.0
0.979779954302223
1.0
1.0
1.0
0.9667853531047699
1.0
1.0
1.0
1.0
0.6794083528896324
1.0
0.9923481121457896
1.0
1.0
1.0
0.966714346032766
0.8794680894664993
1.0
1.0
0.7598777747183179
1.0
1.0
1.0
0.9669558483579578
1.0
0.13219127949694368
1.0
1.0
1.0
1.0
0.554792281668974
1.0
1.0
1.0
1.0
1.0
1.0
1.0
1.0
1.0
1.0
1.0
0.9670299274487257
1.0
1.0
0.4710843314844349
1.0
1.0
1.0
1.0
1.0
1.0
1.0
1.0
1.0
0.8856331528955376
1.0
1.0
1.0
1.0
1.0
1.0
1.0
1.0
1.0
1.0
0.13890020434783573
1.0
1.0
1.0
0.3560829463849901
1.0
0.8834529717888099
1.0
0.1922755223098741
1.0
1.0
0.4144390196215358
1.0
1.0
1.0
1.0
0.5854333306161749
1.0
1.0
1.0
1.0
1.0
1.0
1.0
1.0
1.0
1.0
0.8803642722721325
0.6387925141033024
1.0
1.0
1.0
1.0
1.0
1.0
1.0
1.0
1.0
0.6154098815893384
1.0
1.0
1.0
1.0
1.0
0.4081375901082272
1.0
1.0
1.0
1.0
1.0
1.0
1.0
1.0
1.0
1.0
0.2669727390927272
1.0
1.0
1.0
1.0
1.0
1.0
1.0
1.0
1.0
1.0
1.0
1.0
1.0
1.0
1.0
0.7855073937083683
1.0
1.0
1.0
1.0
1.0
1.0
1.0
0.9614292407392474
0.34364728940363953
1.0
1.0
1.0
1.0
1.0
1.0
1.0
1.0
1.0
1.0
1.0
1.0
1.0
1.0
0.05896201798045479
1.0
1.0
1.0
1.0
1.0
1.0
1.0
0.5396230618580641
1.0
1.0
1.0
0.5312582963182567
1.0
1.0
1.0
1.0
0.6880531237198493
1.0
0.4511305024674246
1.0
1.0
1.0
0.6870210862098545
1.0
1.0
1.0
0.7692774543063788
1.0
0.6974689324488352
0.7172838088542257
1.0
1.0
1.0
1.0
0.8204126480155968
1.0
1.0
1.0
1.0
1.0
1.0
1.0
1.0
1.0
1.0
0.1389457898860804
1.0
1.0
1.0
1.0
1.0
1.0
0.7856506810442725
1.0
0.9438739653201743
1.0
0.9654841889634301
1.0
0.7797495472318904
1.0
1.0
0.95848206330343
1.0
1.0
0.5062549513854593
0.9403070230977442
1.0
1.0
1.0
1.0
1.0
1.0
1.0
1.0
1.0
1.0
1.0
1.0
1.0
1.0
1.0
1.0
1.0
1.0
1.0
1.0
1.0
1.0
1.0
1.0
1.0
0.22241914430178295
0.8554144548379493
1.0
1.0
0.6286748307437406
1.0
1.0
1.0
1.0
1.0
1.0
0.781610280800438
1.0
1.0
1.0
1.0
1.0
0.9259104707796981
1.0
1.0
0.6430644304423146
1.0
1.0
1.0
1.0
1.0
1.0
1.0
1.0
0.6094621654449948
1.0
1.0
1.0
0.6210314058794185
1.0
0.592953652451019
1.0
1.0
1.0
0.6327135695746693
1.0
1.0
1.0
1.0
1.0
1.0
1.0
0.3412942572603326
1.0
1.0
1.0
0.5328962255641065
1.0
0.3412751808517202
0.22126433951453595
1.0
0.01155662660388658
1.0
0.23316660541981923
1.0
1.0
0.6127638163461904
1.0
1.0
1.0
1.0
0.443294072108094
1.0
1.0
1.0
1.0
1.0
1.0
1.0
1.0
1.0
1.0
1.0
1.0
1.0
1.0
1.0
1.0
1.0
1.0
0.35732979507162593
1.0
1.0
1.0
0.90881758988281
1.0
1.0
1.0
1.0
1.0
0.34410305168344585
1.0
1.0
1.0
1.0
0.3420714598501532
1.0
1.0
1.0
1.0
1.0
1.0
1.0
0.6003502594507615
1.0
1.0
1.0
1.0
1.0
1.0
1.0
1.0
1.0
1.0
1.0
1.0
1.0
1.0
1.0
1.0
1.0
1.0
1.0
1.0
1.0
0.6154071637131656
1.0
1.0
1.0
1.0
0.7105000153642385
1.0
1.0
0.16571005677585474
1.0
1.0
1.0
1.0
0.8641985594285334
0.7128118813685903
0.8342865157782223
1.0
1.0
1.0
1.0
1.0
1.0
1.0
1.0
1.0
0.9602922379091798
1.0
1.0
1.0
1.0
1.0
0.967299610995228
0.9796958268796441
1.0
1.0
1.0
1.0
0.504061216370136
1.0
0.17304324243271713
1.0
0.9661168646943847
1.0
1.0
0.8693168738690243
1.0
1.0
1.0
1.0
0.5724034174791898
1.0
0.5578650415434739
1.0
0.46727527231412525
1.0
0.9661737069442631
1.0
1.0
1.0
1.0
0.8287501841882243
1.0
1.0
1.0
1.0
1.0
1.0
1.0
1.0
1.0
1.0
1.0
1.0
1.0
1.0
1.0
1.0
1.0
1.0
0.9391648763685229
1.0
1.0
1.0
0.5207320718452771
1.0
1.0
1.0
1.0
1.0
0.9667839208193503
1.0
1.0
1.0
1.0
0.829676701363464
1.0
0.6873752702401822
1.0
1.0
1.0
1.0
0.616413086175539
1.0
1.0
1.0
1.0
1.0
1.0
0.4427242356684693
1.0
1.0
0.006307325484573818
1.0
1.0
1.0
1.0
1.0
1.0
1.0
1.0
0.10032328754946329
0.14729628823987545
1.0
1.0
1.0
1.0
1.0
1.0
1.0
1.0
1.0
1.0
1.0
1.0
1.0
1.0
1.0
1.0
1.0
1.0
1.0
0.9637487709048927
1.0
1.0
1.0
1.0
1.0
1.0
0.07979207887439417
1.0
1.0
1.0
1.0
1.0
1.0
1.0
1.0
1.0
1.0
1.0
1.0
1.0
0.4547357335329701
1.0
1.0
1.0
1.0
1.0
1.0
1.0
1.0
0.8468090715584321
1.0
0.9632257940033305
1.0
1.0
1.0
1.0
0.965857889922421
1.0
1.0
1.0
0.9670450623649799
1.0
0.9249214668597697
1.0
1.0
1.0
1.0
0.6240689699192217
1.0
0.128379106280219
0.9236692768355217
1.0
1.0
0.5765687863522678
1.0
1.0
1.0
1.0
0.6642447351420623
1.0
1.0
1.0
1.0
1.0
1.0
1.0
1.0
1.0
0.15600156510494242
0.13449874648155852
0.8859331063245026
1.0
1.0
1.0
1.0
1.0
1.0
1.0
1.0
1.0
1.0
1.0
0.4111607399001939
1.0
1.0
1.0
1.0
1.0
0.8725204362228105
1.0
0.8354804427469364
1.0
1.0
0.9671204110225149
1.0
1.0
1.0
0.9849884719642267
0.6465684218631209
1.0
1.0
1.0
1.0
1.0
1.0
0.8274330287513528
0.07255353549465056
0.04361341152926147
1.0
0.4696345095458802
0.9669737575903514
1.0
1.0
1.0
1.0
1.0
1.0
0.4377090425280464
1.0
0.45138449687806775
1.0
1.0
1.0
1.0
0.009009874905842583
1.0
1.0
1.0
1.0
1.0
1.0
0.014772218365621037
1.0
1.0
1.0
1.0
1.0
0.06015255006737467
1.0
1.0
1.0
1.0
1.0
1.0
1.0
1.0
0.865165477390103
1.0
1.0
1.0
1.0
1.0
0.43549203407680176
1.0
1.0
0.8884494694710544
0.9818037262453209
1.0
1.0
0.48871958268041904
1.0
1.0
0.32565261283110003
0.2807003424053254
1.0
1.0
1.0
1.0
1.0
1.0
1.0
0.8613965260979058
1.0
1.0
1.0
1.0
0.15609135178463956
1.0
1.0
1.0
1.0
1.0
1.0
0.5740283789099475
1.0
1.0
1.0
1.0
1.0
1.0
1.0
1.0
1.0
1.0
1.0
1.0
1.0
1.0
1.0
1.0
1.0
1.0
1.0
1.0
1.0
1.0
1.0
0.6721689657109231
1.0
1.0
0.27674732796659635
1.0
0.4895140755480436
1.0
1.0
1.0
1.0
1.0
0.1222358442734402
1.0
1.0
1.0
1.0
0.9695439528479919
1.0
1.0
1.0
1.0
1.0
1.0
1.0
1.0
1.0
1.0
1.0
1.0
0.7439738147773433
0.5713622574573279
1.0
0.9607245689237562
1.0
1.0
1.0
1.0
1.0
1.0
1.0
1.0
1.0
1.0
1.0
1.0
0.37874662823427996
1.0
1.0
1.0
1.0
1.0
1.0
1.0
1.0
1.0
1.0
1.0
1.0
1.0
0.30147623580891425
1.0
1.0
1.0
1.0
0.8981573832270381
1.0
1.0
1.0
1.0
1.0
1.0
1.0
1.0
0.9614099552069046
1.0
1.0
1.0
1.0
0.9669676467061645
0.1818947420498062
1.0
1.0
1.0
1.0
1.0
1.0
1.0
0.7833325419598263
1.0
1.0
1.0
1.0
1.0
1.0
1.0
1.0
0.04068257055741592
1.0
0.9584028712856375
1.0
1.0
0.12274023098213413
1.0
1.0
1.0
0.9782552666336567
0.03269598546522881
1.0
1.0
0.4721438995604742
1.0
1.0
1.0
1.0
1.0
0.4568959720146954
0.9886312026979156
1.0
1.0
1.0
0.652118314418875
0.5696882672819461
1.0
1.0
1.0
1.0
1.0
1.0
1.0
1.0
1.0
1.0
0.5879805872934991
0.5974217704938625
1.0
1.0
1.0
1.0
0.9163634984035601
1.0
1.0
1.0
1.0
1.0
1.0
1.0
0.9688433652661014
1.0
1.0
1.0
1.0
1.0
1.0
1.0
1.0
1.0
1.0
0.6303570985788247
0.2214235802362399
1.0
1.0
1.0
1.0
1.0
1.0
1.0
1.0
0.6538724510137499
1.0
1.0
1.0
1.0
1.0
0.921728800926952
0.437492110033874
0.9330828725391135
1.0
1.0
1.0
0.5552208607680581
1.0
0.20020102529578918
1.0
1.0
0.7277360205816987
1.0
1.0
1.0
1.0
0.8234274835131185
1.0
1.0
1.0
1.0
1.0
0.9872399171863563
1.0
1.0
1.0
1.0
1.0
1.0
1.0
1.0
1.0
1.0
1.0
1.0
1.0
1.0
1.0
1.0
1.0
1.0
1.0
1.0
0.17092447557432872
1.0
0.3306726959996871
1.0
1.0
1.0
1.0
1.0
1.0
1.0
1.0
1.0
1.0
1.0
1.0
1.0
1.0
1.0
1.0
0.2760947268546774
1.0
1.0
0.6511991388055605
1.0
1.0
0.27133074783878586
0.6285863905530846
1.0
1.0
0.41925600048876394
1.0
0.7950760938920254
1.0
1.0
1.0
1.0
0.4965016939615351
0.9512189526097266
1.0
1.0
1.0
1.0
1.0
0.9533053562491748
0.4954994680741285
1.0
1.0
1.0
0.3015709497901141
1.0
1.0
1.0
1.0
1.0
1.0
1.0
1.0
0.9669975542009029
1.0
1.0
1.0
1.0
1.0
1.0
0.3948879951134209
1.0
1.0
0.5521080098641479
1.0
1.0
0.6083490329861546
1.0
1.0
0.967240498546557
1.0
1.0
1.0
1.0
1.0
1.0
1.0
1.0
1.0
1.0
1.0
1.0
1.0
1.0
1.0
1.0
1.0
1.0
0.8987795681179847
1.0
1.0
1.0
1.0
1.0
1.0
1.0
0.9687164929620188
1.0
1.0
1.0
1.0
1.0
1.0
1.0
1.0
1.0
1.0
1.0
1.0
0.785947068829306
1.0
0.283806646253518
1.0
1.0
1.0
1.0
0.587042188216625
0.729195744515777
1.0
0.11552864929933156
1.0
1.0
1.0
1.0
1.0
1.0
0.8853461522272805
1.0
1.0
1.0
1.0
1.0
1.0
1.0
0.5543658528385578
1.0
1.0
1.0
1.0
1.0
1.0
0.9473569499117355
0.9568895513733238
1.0
1.0
1.0
0.5387835057399984
0.60658251309213
1.0
1.0
1.0
1.0
1.0
1.0
0.890674848611154
1.0
1.0
1.0
1.0
1.0
1.0
1.0
1.0
1.0
1.0
1.0
1.0
1.0
1.0
1.0
1.0
1.0
1.0
0.9552931886316327
0.9046704395651818
1.0
1.0
1.0
1.0
1.0
0.3626670555217339
1.0
1.0
1.0
1.0
1.0
1.0
1.0
1.0
1.0
1.0
1.0
0.430356327331405
1.0
0.966996748107597
1.0
1.0
0.19561211309812065
1.0
0.23186398416124143
1.0
1.0
1.0
1.0
1.0
1.0
0.6581342416399335
1.0
1.0
1.0
1.0
1.0
0.9414932513697792
1.0
1.0
1.0
1.0
1.0
1.0
0.7697211067641881
1.0
1.0
1.0
1.0
1.0
1.0
1.0
1.0
1.0
1.0
1.0
1.0
0.9665626906461998
1.0
1.0
1.0
1.0
0.27972841900511736
0.8039733059164422
1.0
1.0
1.0
1.0
1.0
1.0
1.0
1.0
1.0
1.0
1.0
1.0
1.0
1.0
1.0
1.0
0.5768708883542305
1.0
1.0
1.0
1.0
0.3800736009908875
1.0
1.0
1.0
1.0
1.0
1.0
1.0
0.5766862943050196
1.0
1.0
1.0
1.0
0.9580422225583348
1.0
1.0
1.0
1.0
1.0
1.0
1.0
1.0
1.0
1.0
1.0
1.0
1.0
1.0
0.9650005060136204
1.0
1.0
1.0
1.0
1.0
1.0
1.0
1.0
0.4857082246060433
0.5978789002817769
1.0
1.0
1.0
1.0
1.0
1.0
1.0
1.0
1.0
1.0
1.0
1.0
1.0
1.0
1.0
1.0
1.0
1.0
1.0
1.0
1.0
1.0
0.6290351351010912
1.0
1.0
1.0
1.0
0.517567649375232
1.0
1.0
1.0
0.03668434152344374
1.0
1.0
0.06265069033580127
1.0
1.0
1.0
1.0
0.5542595689439764
1.0
1.0
1.0
1.0
1.0
1.0
1.0
1.0
0.19510876356790807
1.0
1.0
1.0
1.0
1.0
1.0
1.0
0.5249842688801806
1.0
1.0
0.2966653107549525
1.0
1.0
1.0
1.0
1.0
1.0
1.0
0.5270628863509472
1.0
1.0
1.0
1.0
1.0
1.0
1.0
0.17386055108893103
0.3186538117026172
1.0
1.0
1.0
1.0
1.0
1.0
1.0
1.0
1.0
1.0
0.7068610691731323
1.0
1.0
0.4596065453352938
1.0
0.5038672246185543
1.0
0.9517691833491636
1.0
1.0
1.0
1.0
1.0
0.6395290694576503
1.0
1.0
1.0
0.5337678787796699
0.9669807949686394
0.6369201028508651
1.0
1.0
1.0
1.0
1.0
1.0
1.0
1.0
1.0
0.8727980728146294
1.0
1.0
1.0
1.0
1.0
1.0
1.0
1.0
1.0
0.7110631471569524
1.0
1.0
0.595310770857537
1.0
1.0
1.0
1.0
1.0
1.0
1.0
1.0
1.0
1.0
1.0
1.0
1.0
1.0
1.0
1.0
1.0
1.0
1.0
1.0
1.0
0.941695381911672
1.0
1.0
1.0
1.0
1.0
1.0
1.0
1.0
1.0
1.0
1.0
1.0
1.0
1.0
0.2642809449371223
1.0
1.0
1.0
1.0
0.4571559591691237
1.0
0.704441154873745
0.9987548016200187
1.0
1.0
1.0
1.0
1.0
1.0
1.0
1.0
1.0
1.0
1.0
1.0
1.0
1.0
1.0
1.0
1.0
1.0
1.0
1.0
1.0
1.0
0.8290639422276299
1.0
1.0
1.0
0.4273733610516797
0.8759429263666003
1.0
1.0
1.0
0.9529554615451866
0.851072037722984
1.0
1.0
1.0
0.8964825451556139
0.6838475029561458
0.9669479599792821
1.0
1.0
1.0
1.0
0.8920799209159107
1.0
1.0
1.0
1.0
1.0
0.36910464842360474
1.0
1.0
1.0
0.9375566578023106
0.45070022942254057
1.0
1.0
1.0
1.0
1.0
1.0
1.0
1.0
1.0
1.0
1.0
1.0
1.0
1.0
1.0
0.6317925539849834
1.0
1.0
1.0
1.0
0.9884127605858699
1.0
0.6688614531645225
1.0
1.0
1.0
1.0
1.0
1.0
1.0
1.0
0.31263778263483255
1.0
1.0
1.0
1.0
1.0
1.0
1.0
1.0
1.0
1.0
1.0
1.0
1.0
1.0
1.0
1.0
0.8867679056149699
1.0
1.0
1.0
1.0
1.0
1.0
1.0
1.0
1.0
1.0
1.0
1.0
1.0
1.0
1.0
1.0
1.0
0.41400000320381003
1.0
1.0
0.8987919617230961
1.0
0.18060425875864036
1.0
1.0
0.5574161694960555
1.0
1.0
1.0
1.0
0.811891582623711
1.0
1.0
1.0
1.0
1.0
0.9408700313348672
1.0
1.0
0.3531113520494006
1.0
1.0
0.68961313313749
1.0
1.0
0.5796418699488644
1.0
0.8630104338734685
0.9668454642770903
1.0
1.0
1.0
1.0
0.05920762957281719
0.5422115420826049
1.0
1.0
1.0
1.0
0.9449976247646614
1.0
1.0
0.780186171305424
1.0
1.0
0.9669513675619487
0.9644400503458332
1.0
1.0
1.0
1.0
1.0
1.0
1.0
0.5689005642014915
1.0
1.0
1.0
1.0
1.0
0.9669994414826139
1.0
1.0
1.0
0.9587978861002555
1.0
1.0
1.0
1.0
1.0
1.0
1.0
0.6949384928574711
1.0
1.0
1.0
0.6213604918985793
1.0
1.0
1.0
1.0
1.0
0.8749247163295366
1.0
0.5945632937355312
1.0
1.0
1.0
1.0
1.0
1.0
1.0
1.0
1.0
1.0
1.0
1.0
1.0
0.07298820672991786
1.0
1.0
1.0
1.0
0.7920162564389125
1.0
1.0
1.0
0.2879264593548487
0.9617226059060728
1.0
1.0
1.0
0.2726526914569311
1.0
1.0
1.0
1.0
1.0
1.0
1.0
1.0
1.0
0.30007184103105183
1.0
0.597576275339893
1.0
1.0
1.0
1.0
1.0
1.0
1.0
1.0
0.9650571357134548
0.36413347289802345
1.0
1.0
1.0
1.0
1.0
1.0
0.11652633344559353
1.0
0.6704533434564066
0.18252629649130458
0.7763824801795653
1.0
1.0
1.0
1.0
1.0
1.0
1.0
1.0
1.0
1.0
1.0
1.0
1.0
0.584106971836806
0.7431583948922948
0.5623667182317381
1.0
1.0
1.0
1.0
1.0
1.0
1.0
1.0
1.0
1.0
0.22329060711082788
1.0
1.0
1.0
1.0
1.0
0.4119695245947467
1.0
1.0
1.0
1.0
1.0
1.0
0.40125887310175495
1.0
1.0
1.0
1.0
1.0
0.9668366283715364
1.0
1.0
1.0
1.0
1.0
1.0
0.9668970364571162
1.0
1.0
1.0
1.0
1.0
1.0
1.0
1.0
1.0
1.0
1.0
1.0
0.8981611896648068
1.0
1.0
1.0
1.0
1.0
1.0
1.0
1.0
1.0
1.0
1.0
0.7096151430313882
1.0
0.770025038647857
0.3548305910293704
1.0
1.0
1.0
1.0
1.0
0.563483657702871
1.0
1.0
1.0
0.4261816058472868
1.0
1.0
1.0
1.0
1.0
1.0
1.0
1.0
0.6223660797567606
1.0
1.0
1.0
1.0
1.0
0.4820914927365541
1.0
1.0
1.0
1.0
1.0
1.0
1.0
1.0
1.0
1.0
0.08666181129167454
1.0
1.0
0.27793978299317773
1.0
1.0
1.0
1.0
1.0
0.9670150493708886
1.0
1.0
0.9671015807204554
1.0
1.0
1.0
1.0
1.0
1.0
1.0
1.0
1.0
1.0
1.0
1.0
1.0
1.0
1.0
1.0
1.0
1.0
1.0
1.0
1.0
1.0
1.0
1.0
1.0
1.0
1.0
0.2582262534997175
1.0
1.0
1.0
1.0
1.0
1.0
1.0
0.8773407212258372
1.0
1.0
0.5514865493483151
1.0
1.0
1.0
1.0
1.0
1.0
1.0
1.0
1.0
1.0
1.0
1.0
1.0
1.0
1.0
1.0
1.0
1.0
1.0
1.0
0.6274792906206044
1.0
1.0
1.0
1.0
0.9675106099429531
1.0
0.36379449862901114
1.0
0.6796369517353112
1.0
1.0
0.8486729513944297
1.0
1.0
1.0
1.0
1.0
0.5473114057828312
1.0
0.9669647252918835
1.0
1.0
1.0
1.0
1.0
1.0
0.5701531665752543
1.0
1.0
1.0
1.0
1.0
1.0
0.9338118734079287
1.0
1.0
1.0
1.0
1.0
0.27671915576871975
1.0
1.0
0.8919866877611344
1.0
1.0
1.0
1.0
1.0
1.0
1.0
1.0
1.0
1.0
1.0
1.0
1.0
0.4718839099475859
1.0
1.0
1.0
0.4152629172980688
1.0
1.0
1.0
1.0
1.0
0.2020371086794968
0.10163659538184307
1.0
1.0
0.6082571169532255
1.0
1.0
1.0
0.5534801577058253
1.0
1.0
1.0
1.0
1.0
1.0
1.0
1.0
1.0
1.0
1.0
1.0
1.0
1.0
0.2598527905734731
0.5497316323917563
1.0
0.5063536319884483
1.0
1.0
1.0
1.0
1.0
0.2131008879812758
1.0
1.0
1.0
1.0
1.0
0.8725749729358157
1.0
1.0
1.0
1.0
0.28119003308441454
1.0
1.0
1.0
1.0
1.0
1.0
1.0
1.0
1.0
1.0
1.0
1.0
1.0
1.0
1.0
1.0
1.0
1.0
1.0
1.0
1.0
0.8765747597881168
1.0
1.0
1.0
1.0
1.0
1.0
0.34769099116029323
1.0
0.9667935445924114
1.0
1.0
1.0
0.1982783438585921
0.24593154106923795
0.963600885013852
1.0
1.0
1.0
1.0
1.0
1.0
0.6720579814865452
1.0
1.0
1.0
1.0
1.0
1.0
1.0
1.0
1.0
1.0
1.0
1.0
1.0
0.6113903640727731
1.0
1.0
1.0
1.0
0.9668982943481702
0.7387472000333457
1.0
1.0
1.0
1.0
1.0
1.0
1.0
0.40112447476297297
1.0
1.0
1.0
1.0
1.0
1.0
0.6104726936348284
0.9671366012439723
1.0
0.5870167443967517
0.7982643522015118
0.33021397667524827
1.0
1.0
0.9274767088310936
1.0
1.0
1.0
1.0
1.0
1.0
0.49730843863633467
1.0
1.0
1.0
0.8798051144355508
0.4163400032499695
1.0
1.0
1.0
1.0
1.0
1.0
1.0
0.9659125266918487
0.49910114815775053
1.0
0.4470342639310188
0.20296836970754678
0.9672569367563436
1.0
0.36502728836200793
1.0
1.0
0.2744153367610097
1.0
1.0
1.0
1.0
1.0
1.0
1.0
1.0
1.0
1.0
1.0
1.0
0.10161772040717015
1.0
0.2949423262988236
1.0
1.0
1.0
1.0
1.0
0.6242576927411186
1.0
0.9651619519150612
1.0
0.5363231272351361
1.0
1.0
1.0
0.37303146894309974
1.0
1.0
0.9672772561675365
1.0
1.0
1.0
1.0
1.0
1.0
1.0
1.0
1.0
0.645598608851538
1.0
0.7744115733415868
0.9672937001290268
0.9258974813847023
1.0
1.0
1.0
1.0
1.0
1.0
1.0
1.0
0.9659414945225513
1.0
1.0
1.0
0.03642814077932305
1.0
1.0
1.0
1.0
1.0
1.0
0.8798706741239011
1.0
1.0
1.0
1.0
0.746176335347264
1.0
0.5580355291037596
1.0
1.0
1.0
1.0
0.3424321091512545
0.9280818629963401
1.0
1.0
1.0
1.0
1.0
1.0
1.0
1.0
1.0
1.0
1.0
1.0
1.0
1.0
1.0
1.0
0.7391648852753594
1.0
1.0
1.0
1.0
1.0
1.0
1.0
1.0
0.8316248878831767
1.0
1.0
1.0
1.0
1.0
1.0
1.0
0.6379983256980883
1.0
1.0
1.0
0.8853691157203298
0.5719929510041759
1.0
1.0
1.0
1.0
1.0
1.0
1.0
0.5201310891878789
1.0
1.0
1.0
1.0
1.0
1.0
1.0
1.0
1.0
1.0
1.0
0.6219752005211929
1.0
1.0
1.0
1.0
1.0
1.0
1.0
1.0
1.0
1.0
1.0
1.0
1.0
1.0
1.0
0.9931688924361258
1.0
0.46637405526731573
1.0
1.0
1.0
1.0
1.0
1.0
1.0
1.0
1.0
1.0
1.0
1.0
1.0
0.9354603781774906
1.0
0.6515832291946079
1.0
1.0
1.0
1.0
1.0
1.0
1.0
1.0
1.0
1.0
1.0
0.8814904411819298
1.0
1.0
1.0
0.9660346805772978
1.0
1.0
1.0
0.6471559977081527
1.0
0.7304730359174522
1.0
1.0
1.0
0.45927414373717884
1.0
1.0
1.0
1.0
1.0
1.0
1.0
1.0
1.0
1.0
1.0
1.0
1.0
1.0
1.0
1.0
1.0
1.0
1.0
1.0
1.0
1.0
1.0
1.0
1.0
1.0
1.0
1.0
1.0
1.0
0.9002146113714712
0.692813430652226
1.0
1.0
1.0
1.0
1.0
1.0
1.0
0.1365574906786618
1.0
1.0
0.6456616485352714
1.0
1.0
1.0
1.0
1.0
1.0
1.0
1.0
1.0
1.0
0.8116371721896517
1.0
1.0
1.0
1.0
1.0
1.0
1.0
1.0
1.0
0.061632075537740263
1.0
1.0
1.0
1.0
1.0
0.7730401286679961
1.0
1.0
1.0
1.0
1.0
1.0
1.0
0.0549017088736627
0.7829033021773254
0.9138395514329477
1.0
1.0
1.0
0.8299656712584035
1.0
1.0
1.0
1.0
1.0
1.0
1.0
1.0
1.0
1.0
0.4678721041559334
1.0
1.0
1.0
1.0
1.0
1.0
1.0
0.007839306189324565
1.0
1.0
1.0
1.0
1.0
1.0
1.0
1.0
0.9717616237558723
1.0
1.0
1.0
1.0
0.7602280695258054
1.0
1.0
1.0
0.7780854967467433
1.0
1.0
1.0
0.22221667465392123
1.0
0.2196355325112547
1.0
1.0
1.0
0.1885486637716116
1.0
1.0
0.9203873948403346
1.0
1.0
1.0
1.0
1.0
1.0
1.0
1.0
0.3278179305628745
1.0
1.0
1.0
1.0
1.0
1.0
1.0
1.0
0.9636680010426377
1.0
1.0
1.0
1.0
1.0
1.0
1.0
1.0
1.0
1.0
0.8685267967338111
1.0
1.0
0.7879739894005845
1.0
1.0
0.8050960105214372
0.0640880796129541
1.0
1.0
0.9707473168568647
1.0
0.6571540436373899
1.0
0.2548906802701403
1.0
1.0
1.0
0.29912241918983035
1.0
1.0
1.0
1.0
0.4052277627944791
1.0
1.0
1.0
1.0
1.0
1.0
1.0
1.0
1.0
1.0
1.0
1.0
1.0
1.0
0.9506111266640719
1.0
1.0
1.0
1.0
0.9668531249837372
0.9813502819777521
1.0
1.0
1.0
1.0
0.10434375250762767
1.0
0.8784373930163938
0.27118013681036146
1.0
1.0
1.0
1.0
1.0
1.0
1.0
1.0
1.0
1.0
1.0
1.0
1.0
1.0
1.0
1.0
1.0
1.0
1.0
1.0
0.04644422006352574
1.0
1.0
1.0
1.0
1.0
1.0
1.0
1.0
1.0
1.0
0.7371674267490327
1.0
1.0
1.0
1.0
1.0
1.0
1.0
1.0
0.5916668788615426
1.0
1.0
1.0
1.0
1.0
0.7670686136163067
1.0
1.0
1.0
1.0
1.0
0.9516417352231189
1.0
1.0
1.0
1.0
0.4363374451629465
1.0
1.0
1.0
1.0
1.0
1.0
1.0
1.0
1.0
1.0
0.6039180940605847
1.0
1.0
1.0
1.0
1.0
1.0
1.0
1.0
1.0
0.9666846031161289
0.4214116596317648
1.0
0.9086680420271086
1.0
1.0
1.0
1.0
1.0
0.6283187747985749
1.0
1.0
1.0
1.0
1.0
1.0
1.0
1.0
1.0
0.02669836799565443
1.0
1.0
0.4207816953609631
1.0
1.0
1.0
1.0
1.0
0.8121431979876009
1.0
1.0
0.12627200842300348
0.8576235628802232
1.0
1.0
1.0
1.0
1.0
1.0
1.0
1.0
1.0
1.0
1.0
1.0
1.0
0.26065305136170963
1.0
1.0
1.0
1.0
1.0
0.9456114042812703
1.0
1.0
1.0
1.0
1.0
1.0
1.0
1.0
1.0
1.0
1.0
1.0
1.0
1.0
1.0
1.0
1.0
1.0
1.0
1.0
1.0
1.0
0.9674765791521034
1.0
1.0
0.8442743874472678
1.0
1.0
1.0
1.0
1.0
0.1667572773218806
1.0
1.0
1.0
1.0
0.5137047215692947
0.5959404625121222
1.0
0.9649898902850645
1.0
1.0
1.0
1.0
1.0
1.0
1.0
1.0
1.0
1.0
1.0
1.0
0.6354569616714443
1.0
1.0
1.0
1.0
0.7908248535158202
1.0
1.0
1.0
1.0
1.0
1.0
1.0
1.0
1.0
0.9688179677986822
0.8130699208762602
1.0
1.0
0.9537959043798016
0.4245501230130224
1.0
0.8708639167533568
1.0
1.0
0.12073487206547012
0.9668285710824941
1.0
1.0
1.0
0.4900816537552951
1.0
0.25861292329965724
1.0
0.960769860869653
1.0
1.0
1.0
0.6543259352512143
1.0
0.36459006192542703
0.6457123901558585
0.7216809284964689
1.0
1.0
1.0
1.0
1.0
0.599150045702606
1.0
1.0
1.0
1.0
1.0
1.0
1.0
1.0
1.0
1.0
1.0
1.0
0.9393961015993295
1.0
1.0
1.0
1.0
1.0
1.0
1.0
0.7094565142378312
0.8502074444944043
1.0
0.7658760006527503
1.0
1.0
1.0
1.0
1.0
1.0
0.8175281092489466
1.0
1.0
1.0
1.0
1.0
1.0
0.9672205663338974
1.0
1.0
1.0
1.0
0.5239364647001251
1.0
1.0
1.0
1.0
0.7607486554635619
1.0
1.0
0.08152831152509829
1.0
1.0
0.02491523191425697
1.0
1.0
0.768483008270939
1.0
1.0
1.0
1.0
1.0
1.0
1.0
1.0
1.0
1.0
1.0
1.0
1.0
1.0
0.7690927754569729
0.47784170008991084
0.9528191601590394
1.0
0.45296247357172875
1.0
1.0
1.0
1.0
1.0
0.4327352622778973
1.0
1.0
1.0
1.0
1.0
1.0
0.26030059410796236
1.0
1.0
1.0
1.0
1.0
0.20267896532837112
1.0
1.0
0.516508873953252
1.0
0.0041025628130273595
1.0
0.7924437062493062
1.0
1.0
1.0
1.0
1.0
1.0
1.0
1.0
1.0
1.0
1.0
1.0
1.0
1.0
1.0
1.0
1.0
1.0
1.0
0.967055128397196
0.7699316136662252
1.0
1.0
1.0
1.0
0.6684840212160179
1.0
1.0
1.0
1.0
0.8802750808718791
1.0
1.0
0.751806806290179
1.0
1.0
1.0
1.0
1.0
1.0
1.0
1.0
1.0
1.0
1.0
1.0
0.14053764236835042
1.0
1.0
1.0
1.0
0.6975813387435438
1.0
1.0
1.0
1.0
1.0
1.0
1.0
1.0
0.6580106182418342
0.802571386636312
0.8536462721775315
1.0
0.5922909915907374
0.9626559219960523
1.0
1.0
0.9596703244902013
1.0
0.5917139944801925
1.0
1.0
1.0
1.0
1.0
1.0
1.0
0.5063827948651285
1.0
1.0
1.0
1.0
0.44130993112666816
1.0
1.0
1.0
0.6553596613330502
1.0
1.0
1.0
0.7718086764587889
1.0
1.0
1.0
0.9739696959875294
1.0
1.0
0.3724658929890846
1.0
0.03632244567213711
1.0
0.07148351435288516
1.0
0.7407875623276082
1.0
1.0
0.9620344405102874
1.0
1.0
1.0
1.0
1.0
1.0
1.0
1.0
1.0
1.0
1.0
1.0
1.0
1.0
1.0
0.7293691448212032
1.0
0.3800496861340008
1.0
1.0
1.0
1.0
0.20173129469385478
1.0
1.0
1.0
1.0
1.0
1.0
0.8586614693927453
1.0
1.0
0.6505439925027192
1.0
1.0
1.0
1.0
1.0
1.0
1.0
1.0
1.0
1.0
1.0
1.0
1.0
0.4839420863143908
1.0
1.0
1.0
1.0
1.0
1.0
0.29943637917862226
1.0
1.0
1.0
1.0
1.0
1.0
1.0
1.0
1.0
0.5083766237281866
1.0
1.0
1.0
1.0
1.0
1.0
1.0
1.0
0.5434025194229696
1.0
1.0
0.7071368936936395
1.0
1.0
1.0
1.0
1.0
1.0
1.0
0.6156015778840881
1.0
0.2170140524334278
1.0
1.0
1.0
0.5352716160786728
1.0
1.0
1.0
1.0
0.6127897107477912
1.0
1.0
1.0
1.0
1.0
1.0
1.0
1.0
1.0
0.19673340516127588
1.0
1.0
1.0
1.0
1.0
1.0
0.6790778625073807
0.9670096131981745
0.757440304836412
1.0
1.0
1.0
1.0
1.0
1.0
1.0
1.0
0.5710890163532814
1.0
0.9056206906012524
0.796462623726634
1.0
1.0
1.0
1.0
1.0
1.0
1.0
1.0
1.0
1.0
0.9252213708095187
1.0
0.9454525591418214
1.0
1.0
1.0
1.0
1.0
1.0
1.0
1.0
0.8678973658933614
1.0
1.0
0.011588983612526542
1.0
1.0
1.0
1.0
0.5391791649845449
0.09638926433085857
1.0
1.0
1.0
1.0
1.0
1.0
1.0
1.0
0.6062140571293195
0.938572311714196
0.40178696114894075
1.0
1.0
1.0
1.0
1.0
1.0
1.0
1.0
1.0
1.0
1.0
0.958778562255983
0.7588260483532908
1.0
1.0
1.0
1.0
1.0
1.0
0.47082582740975026
1.0
1.0
1.0
0.4410550548531227
1.0
1.0
1.0
1.0
1.0
0.29549825162040033
1.0
1.0
1.0
1.0
1.0
1.0
0.15813445461140582
1.0
1.0
1.0
1.0
1.0
1.0
0.26495710408543105
1.0
1.0
1.0
1.0
1.0
1.0
1.0
1.0
1.0
1.0
1.0
1.0
1.0
1.0
0.8979115459633898
1.0
1.0
0.9452192151623058
1.0
0.36397395857570297
1.0
1.0
1.0
1.0
0.5784604354469235
1.0
1.0
1.0
1.0
0.6346120867195669
1.0
0.9668018484267057
1.0
1.0
1.0
1.0
1.0
1.0
1.0
0.9101800958942059
0.61723034694896
1.0
1.0
1.0
1.0
0.45883375506011537
1.0
1.0
1.0
1.0
1.0
0.7837499843105056
1.0
1.0
1.0
1.0
1.0
1.0
0.6287523820234135
0.15920695845375069
1.0
1.0
0.4131368888022646
1.0
1.0
1.0
0.8763557517217322
1.0
1.0
1.0
1.0
0.9008913053961414
1.0
1.0
1.0
0.8489259835835189
0.9859450192278706
1.0
1.0
1.0
1.0
0.17418806020950794
0.3588538924436084
1.0
0.4487118859251762
1.0
1.0
1.0
1.0
0.7306960465834744
1.0
1.0
1.0
1.0
1.0
1.0
1.0
1.0
1.0
1.0
1.0
1.0
1.0
1.0
1.0
1.0
1.0
1.0
1.0
1.0
1.0
0.4694852382727577
1.0
0.9593478196333619
1.0
0.37802628599573407
1.0
0.9670154274593911
1.0
1.0
1.0
1.0
0.9670067028248799
1.0
1.0
1.0
1.0
0.5440365919517085
1.0
1.0
1.0
1.0
0.9533050484023757
1.0
1.0
1.0
1.0
1.0
1.0
0.6778978666681367
1.0
1.0
1.0
1.0
1.0
1.0
1.0
1.0
1.0
1.0
1.0
1.0
1.0
1.0
0.25863679557393005
1.0
1.0
0.3394685233003903
1.0
1.0
1.0
1.0
1.0
0.21438954522857678
1.0
0.9670285354929187
1.0
1.0
1.0
1.0
1.0
1.0
1.0
1.0
1.0
1.0
1.0
1.0
1.0
1.0
0.7615967157147184
1.0
1.0
1.0
1.0
1.0
0.7185815537045682
0.8138295881848022
1.0
0.4456441150492949
0.9169892912664642
0.9912944013806098
1.0
0.9668472421663146
1.0
1.0
1.0
1.0
1.0
1.0
1.0
1.0
0.2758891494028155
1.0
1.0
1.0
1.0
0.9670518633757036
1.0
1.0
1.0
1.0
1.0
1.0
1.0
1.0
0.311042645200897
1.0
1.0
1.0
0.3739179957959182
0.6255904244760708
1.0
0.14302070091639513
1.0
1.0
1.0
1.0
1.0
0.8164872061900756
1.0
0.9550228859592111
1.0
1.0
0.9095644688798593
1.0
1.0
0.04100383173221303
1.0
1.0
1.0
1.0
0.9671598293892035
1.0
0.39138910771559726
1.0
1.0
1.0
1.0
0.563195730365942
1.0
0.894585866797953
1.0
1.0
1.0
1.0
1.0
1.0
0.9671552882021026
1.0
1.0
1.0
1.0
1.0
1.0
1.0
1.0
1.0
1.0
1.0
1.0
1.0
1.0
1.0
1.0
1.0
1.0
1.0
1.0
1.0
1.0
1.0
1.0
1.0
1.0
0.9669318534003261
1.0
1.0
0.247581318306952
1.0
1.0
1.0
1.0
1.0
1.0
1.0
1.0
1.0
1.0
0.9657627436789609
1.0
1.0
0.7421996873545712
1.0
1.0
1.0
1.0
1.0
0.9286170333908539
1.0
0.8948101867418464
1.0
1.0
0.28703786667143083
1.0
1.0
1.0
1.0
1.0
1.0
1.0
1.0
1.0
0.5714450831129373
1.0
1.0
1.0
1.0
0.9168713464637751
1.0
1.0
1.0
1.0
1.0
1.0
1.0
0.9090036611894118
0.5439157790100624
1.0
0.09554117818885799
1.0
1.0
1.0
1.0
1.0
1.0
1.0
1.0
0.13578200868622065
1.0
1.0
1.0
1.0
1.0
1.0
1.0
1.0
0.4580842341802977
1.0
1.0
1.0
1.0
1.0
1.0
1.0
